// Reference=MNI
// Makowski, 2016
// Subjects=30
10	-44	38	
18	-44	40
46	-58	40
36	-54	56
40	-40	54
10	-44	38	
18	-44	40
46	-58	40
36	-54	56
40	-40	54

// Murphy,2010
// Subjects=21
-10	-78	46
-40	-62	32
10	-72	0

// Pankow, 2016
// Subjects=64
-9	26	61
-15	35	49
-18	56	28
-12	44	37
-6	47	46
-42	14	43
-45	17	40
9	38	1
-6	47	-2

// Pauly, 2013
// Subjects=26
-40	-10	-26
49	-7	46
36	-20	43

// Bedford, 2012
// Subjects=19
-6.82	44.85	37.24
-2.27	-54.39	13.5
2.49	40.67	31.59
-4.97	40.27	35.93
41.96	-35.96	34.91
29.62	73.77	18.97
6.56	40.64	2.83
14.97	-70.72	35.67
-14.68	-60.84	41.51
-7.05	23.05	48.68
34.26	44.63	9.09
-14.73	37.96	2.22
44.88	-32.13	24.51
-39.38	-28.4	27.95

// Jimenez, 2018
// Subjects=36
-44	-68	-14
44	22	24

// Liu, 2014
// Subjects=30
-54	-42	-24
-30	9	3
42	0	-15
60	-39	3

// Blackwood, 2004
// Subjects=16
0.95	38.03	-3.88
10.06	-45.98	15.48

// Tan, 2015
// Subjects=35
-6	36	15

// van der Meer, 2013
// Subjects=68
-6	-38	28

// Vinogradov, 2008
// Subjects=16
6	51	20
6	59	17
18	20	47
-4	-14	62
-4	-11	50
0	-21	53
22	9	-9
14	-74	-5
-2	12	36
-16	8	-2
-14	-2	4

// Hashimoto, 2017
// Subjects=50
-36	-54	24

// Blair, 2011
// Subjects=15
2.04	52.79	2.63
-42.68	25.62	13.23
54.6	29.89	18.45
-20.23	41.25	20.59
-35.92	1.8	48.61
-45.7	-43.81	10.17
49.21	-21.18	-8.43
53.35	2.74	-16.06
-62.54	-56.66	38.2
-28.63	-58.31	0.04
31.21	-76.61	-8.04
-27.97	82.47	3.83
48.28	45.14	37.32
21.37	-21.94	-15.86
20.39	55.92	27.81
-26.53	41.27	35.15

// Bluhm, 2012
// Subjects=35
2	58	-12

// Fuentes-Claramonte, 2020
// Subjects=50
-52	14	36

// Herold, 2017
// Subjects=28
-6	54	10

// Furuichi, 2019
// Subjects=28
54.72	-39.83	44.37
34.08	22.72	48.61

// shad, 2012
// Subjects=32
9   -45	    0

// Lemogne, 2009
// Subjects=30
6	48	18
-3	33	36
9	24	39
-48	18	24
-18	48	18

// Marchewka, 2019
// Subjects=30
59.46	-20.67	-3.55
59.68	-49.72	7.16

// Sarsam, 2013
// Subjects=27
-1	21	48

// McAdams, 2016
// Subjects=41
16	56	16

// Lythe, 2022
// Subjects=106
6	22	-2
// nullstudy1
// Subjects=21
58.000	-68.000	2.000

// nullstudy2
// Subjects=15
-24.000	-12.000	-38.000
-14.000	30.000	30.000
-32.000	-48.000	48.000
40.000	12.000	14.000
48.000	-80.000	4.000
18.000	20.000	2.000
-34.000	-20.000	36.000
-46.000	-12.000	30.000
34.000	-20.000	18.000
-28.000	-28.000	-16.000
-54.000	2.000	-38.000

// nullstudy3
// Subjects=30
-18.000	-6.000	16.000
-38.000	-24.000	46.000
34.000	0.000	-10.000
40.000	-40.000	-32.000
-36.000	-14.000	-12.000
-28.000	-64.000	-36.000
20.000	-58.000	12.000
22.000	14.000	-42.000
30.000	-80.000	12.000
16.000	-50.000	-16.000
-50.000	-6.000	38.000

// nullstudy4
// Subjects=50
64.000	-50.000	-14.000
6.000	-34.000	34.000

// nullstudy5
// Subjects=68
-34.000	-78.000	-2.000
-42.000	12.000	-22.000
2.000	46.000	8.000
-50.000	28.000	8.000
30.000	-28.000	68.000
42.000	-44.000	-16.000
-14.000	6.000	-14.000
10.000	12.000	36.000
2.000	-58.000	50.000
30.000	56.000	32.000

// nullstudy6
// Subjects=21
38.000	4.000	14.000
4.000	-32.000	-34.000

// nullstudy7
// Subjects=41
14.000	0.000	-22.000

// nullstudy8
// Subjects=36
0.000	32.000	-6.000

// nullstudy9
// Subjects=30
-36.000	-52.000	12.000
-44.000	8.000	28.000
-2.000	-40.000	-14.000

// nullstudy10
// Subjects=21
-58.000	-38.000	16.000
24.000	66.000	6.000
40.000	-2.000	56.000

// nullstudy11
// Subjects=36
-12.000	8.000	24.000

// nullstudy12
// Subjects=30
6.000	-28.000	52.000

// nullstudy13
// Subjects=50
22.000	-20.000	38.000
6.000	-40.000	36.000
40.000	-24.000	68.000
-22.000	-36.000	62.000
-20.000	40.000	2.000
34.000	-70.000	-48.000
-36.000	-22.000	-24.000
-44.000	-20.000	52.000
26.000	-84.000	20.000

// nullstudy14
// Subjects=15
34.000	-64.000	18.000

// nullstudy15
// Subjects=28
46.000	0.000	44.000

// nullstudy16
// Subjects=32
-2.000	-18.000	52.000

// nullstudy17
// Subjects=41
10.000	28.000	18.000

// nullstudy18
// Subjects=30
64.000	-14.000	-10.000
-56.000	-10.000	-12.000
-38.000	8.000	24.000
-34.000	44.000	38.000
64.000	-28.000	4.000
-38.000	-82.000	0.000
-24.000	-40.000	8.000
-36.000	-16.000	36.000
-48.000	-56.000	44.000

// nullstudy19
// Subjects=32
14.000	18.000	16.000
-44.000	38.000	12.000
-4.000	24.000	-16.000
-30.000	18.000	10.000
-30.000	20.000	10.000
-22.000	-60.000	32.000
-42.000	8.000	56.000
56.000	-46.000	-16.000
-46.000	-46.000	-40.000
-58.000	12.000	14.000

// nullstudy20
// Subjects=64
6.000	-58.000	20.000
14.000	36.000	2.000
-52.000	-48.000	-28.000
0.000	42.000	40.000
-44.000	-62.000	-42.000
-8.000	-52.000	-2.000
-58.000	-16.000	-12.000
26.000	28.000	58.000
20.000	-58.000	14.000
10.000	56.000	-12.000
-6.000	-72.000	6.000
-12.000	-24.000	-26.000
-24.000	-46.000	-18.000
46.000	-30.000	-6.000

// nullstudy21
// Subjects=35
6.000	-56.000	12.000

// nullstudy22
// Subjects=36
28.000	-10.000	74.000

// nullstudy23
// Subjects=35
2.000	-42.000	-12.000
44.000	-84.000	14.000
-40.000	-8.000	-22.000
52.000	-30.000	-4.000
-30.000	4.000	-12.000
-50.000	-14.000	-38.000
22.000	58.000	14.000
-2.000	-84.000	22.000
30.000	-28.000	32.000

// nullstudy24
// Subjects=35
-50.000	22.000	32.000
-26.000	4.000	-30.000

// nullstudy25
// Subjects=35
-16.000	-40.000	36.000
-22.000	30.000	32.000

// nullstudy26
// Subjects=36
38.000	2.000	-16.000

// nullstudy27
// Subjects=28
-20.000	68.000	-6.000
-30.000	34.000	6.000
-12.000	16.000	32.000
-2.000	32.000	-10.000
52.000	26.000	20.000
-12.000	62.000	-6.000
8.000	60.000	4.000
18.000	-36.000	38.000
-10.000	-14.000	-4.000

// nullstudy28
// Subjects=28
38.000	-10.000	38.000

// nullstudy29
// Subjects=32
-54.000	-46.000	4.000
-54.000	-20.000	26.000

// nullstudy30
// Subjects=26
16.000	-34.000	70.000
-48.000	46.000	12.000

// nullstudy31
// Subjects=41
46.000	4.000	-28.000
46.000	-44.000	-16.000

// nullstudy32
// Subjects=19
-50.000	-58.000	34.000
-18.000	-64.000	-32.000
20.000	-60.000	72.000
16.000	20.000	28.000
32.000	22.000	4.000
-22.000	-14.000	28.000
-36.000	44.000	2.000
-44.000	32.000	30.000
-12.000	56.000	38.000
-10.000	-50.000	-20.000
-8.000	-94.000	-8.000

// nullstudy33
// Subjects=35
-48.000	6.000	30.000
-20.000	-78.000	28.000
16.000	0.000	34.000
12.000	36.000	-16.000
-40.000	-62.000	-14.000
-18.000	-18.000	-8.000
36.000	2.000	4.000
-20.000	-78.000	-30.000
-18.000	-74.000	62.000
-54.000	32.000	22.000
0.000	-66.000	-24.000

// nullstudy34
// Subjects=28
-22.000	-68.000	-18.000

// nullstudy35
// Subjects=68
-12.000	-6.000	22.000
32.000	18.000	0.000
-24.000	-86.000	-26.000
-30.000	6.000	-38.000
16.000	30.000	-16.000

// nullstudy36
// Subjects=30
-48.000	-6.000	18.000

// nullstudy37
// Subjects=36
42.000	36.000	4.000
20.000	20.000	-18.000

// nullstudy38
// Subjects=68
-24.000	6.000	0.000
48.000	-70.000	-30.000
14.000	-48.000	-28.000
-48.000	-66.000	-42.000
-8.000	4.000	-18.000
10.000	-8.000	46.000
38.000	-36.000	-36.000
32.000	-58.000	56.000
58.000	-26.000	-14.000
42.000	-64.000	16.000
-10.000	-46.000	48.000

// nullstudy39
// Subjects=35
24.000	-12.000	74.000
50.000	42.000	6.000
-42.000	-40.000	-34.000
52.000	-62.000	30.000
44.000	-46.000	6.000

// nullstudy40
// Subjects=32
14.000	-40.000	-2.000
-24.000	24.000	2.000
64.000	-10.000	-22.000
-64.000	-46.000	32.000
-12.000	-58.000	-24.000
-20.000	4.000	-26.000
16.000	26.000	34.000
68.000	-18.000	-18.000
24.000	-30.000	-24.000
-14.000	14.000	-4.000
54.000	-12.000	0.000

// nullstudy41
// Subjects=16
-48.000	-14.000	6.000

// nullstudy42
// Subjects=68
4.000	16.000	54.000
28.000	-84.000	10.000
-38.000	-28.000	22.000
42.000	0.000	-14.000
-36.000	-22.000	-26.000
22.000	24.000	18.000
-26.000	-18.000	58.000
-34.000	-86.000	-30.000
30.000	-52.000	-30.000
12.000	-46.000	-30.000
2.000	-8.000	64.000
-34.000	-20.000	-8.000
14.000	-46.000	-6.000
-20.000	-90.000	-10.000
-14.000	-48.000	48.000
54.000	-12.000	10.000

// nullstudy43
// Subjects=16
54.000	-22.000	18.000

// nullstudy44
// Subjects=19
48.000	-42.000	44.000
-42.000	-62.000	20.000

// nullstudy45
// Subjects=26
-18.000	-22.000	-36.000
-10.000	-74.000	46.000

// nullstudy46
// Subjects=64
54.000	-44.000	-16.000

// nullstudy47
// Subjects=106
-8.000	56.000	6.000

// nullstudy48
// Subjects=16
6.000	-44.000	-24.000
6.000	-52.000	22.000

// nullstudy49
// Subjects=35
-24.000	46.000	38.000
18.000	32.000	2.000
-42.000	18.000	-14.000
12.000	-56.000	-32.000
-26.000	52.000	32.000

// nullstudy50
// Subjects=30
20.000	36.000	24.000
28.000	28.000	4.000

// nullstudy51
// Subjects=30
-34.000	-54.000	14.000
14.000	50.000	-14.000
56.000	10.000	-20.000
54.000	-60.000	-4.000
34.000	32.000	14.000
-12.000	-60.000	-30.000
-50.000	10.000	-22.000
-8.000	-8.000	14.000
-50.000	14.000	-36.000
24.000	-36.000	22.000
14.000	-32.000	72.000
-10.000	-24.000	70.000
12.000	46.000	30.000
-12.000	0.000	56.000

// nullstudy52
// Subjects=28
30.000	-26.000	-2.000
-12.000	-44.000	28.000

// nullstudy53
// Subjects=27
22.000	30.000	0.000
-4.000	12.000	-4.000
40.000	42.000	10.000
12.000	-50.000	-50.000
-24.000	6.000	52.000
12.000	56.000	30.000
2.000	48.000	20.000
58.000	-38.000	16.000
10.000	-72.000	-54.000
32.000	0.000	-32.000
22.000	-6.000	-22.000
24.000	-74.000	-44.000
4.000	2.000	38.000
40.000	-74.000	-4.000

// nullstudy54
// Subjects=16
-8.000	-68.000	-28.000

// nullstudy55
// Subjects=30
-16.000	-52.000	6.000

// nullstudy56
// Subjects=27
-10.000	-4.000	14.000

// nullstudy57
// Subjects=68
24.000	-4.000	22.000

// nullstudy58
// Subjects=16
56.000	26.000	12.000

// nullstudy59
// Subjects=28
-10.000	-36.000	10.000
14.000	6.000	50.000

// nullstudy60
// Subjects=30
-64.000	-12.000	-10.000

// nullstudy61
// Subjects=28
-2.000	-52.000	34.000
16.000	-2.000	32.000
36.000	16.000	46.000
-30.000	-90.000	34.000

// nullstudy62
// Subjects=27
48.000	-72.000	-24.000

// nullstudy63
// Subjects=35
-22.000	-46.000	32.000

// nullstudy64
// Subjects=16
40.000	0.000	18.000

// nullstudy65
// Subjects=35
-42.000	-42.000	-36.000

// nullstudy66
// Subjects=16
6.000	48.000	28.000
4.000	-2.000	64.000
-10.000	-30.000	46.000
-12.000	28.000	-4.000
-20.000	8.000	0.000
-60.000	-50.000	36.000
-16.000	-52.000	18.000
34.000	12.000	6.000
-6.000	-12.000	-22.000
-42.000	12.000	40.000
46.000	-72.000	26.000
-4.000	-60.000	-34.000
-30.000	56.000	4.000
-22.000	-98.000	20.000

// nullstudy67
// Subjects=50
-50.000	-56.000	44.000
26.000	-40.000	-16.000
30.000	-90.000	-28.000
-38.000	-46.000	2.000
2.000	26.000	38.000
-64.000	-12.000	8.000
-34.000	-52.000	-56.000
8.000	-54.000	-58.000
-16.000	-88.000	18.000
-40.000	36.000	10.000

// nullstudy68
// Subjects=15
-16.000	-30.000	54.000
-18.000	50.000	2.000
28.000	-24.000	74.000

// nullstudy69
// Subjects=28
-46.000	32.000	-16.000
-42.000	-28.000	32.000

// nullstudy70
// Subjects=15
12.000	-48.000	16.000
-20.000	-24.000	-8.000
-24.000	-68.000	60.000

// nullstudy71
// Subjects=32
40.000	32.000	22.000

// nullstudy72
// Subjects=19
48.000	-56.000	44.000
64.000	-20.000	30.000
0.000	-12.000	4.000
42.000	2.000	36.000
6.000	14.000	-22.000
-32.000	-4.000	38.000
26.000	-58.000	16.000
44.000	16.000	40.000
-14.000	-48.000	10.000
-26.000	30.000	2.000
-60.000	-6.000	4.000
-18.000	26.000	22.000
30.000	-8.000	-6.000
12.000	-66.000	64.000
14.000	-50.000	-24.000
-54.000	-10.000	20.000

// nullstudy73
// Subjects=36
-10.000	46.000	-10.000

// nullstudy74
// Subjects=36
-18.000	52.000	16.000
22.000	-70.000	-26.000
14.000	18.000	36.000

// nullstudy75
// Subjects=16
32.000	48.000	10.000
-48.000	-8.000	34.000
48.000	-52.000	-32.000
38.000	-82.000	-14.000

// nullstudy76
// Subjects=50
-40.000	-58.000	-42.000

// nullstudy77
// Subjects=28
-4.000	-70.000	56.000
-50.000	-14.000	12.000
-36.000	10.000	-10.000
-6.000	-86.000	-4.000
20.000	-24.000	-12.000
18.000	-44.000	30.000
-34.000	24.000	-16.000
54.000	-24.000	20.000
-32.000	8.000	34.000

// nullstudy78
// Subjects=32
0.000	-48.000	-48.000

// nullstudy79
// Subjects=50
4.000	56.000	42.000
12.000	62.000	2.000
62.000	-10.000	-10.000
30.000	-68.000	48.000
22.000	-50.000	50.000
-50.000	-54.000	44.000
-4.000	46.000	28.000
-20.000	10.000	40.000
-20.000	-38.000	-36.000

// nullstudy80
// Subjects=64
-52.000	-38.000	34.000

// nullstudy81
// Subjects=50
42.000	-4.000	-6.000
-24.000	8.000	-46.000
-22.000	-44.000	-24.000
-16.000	-78.000	24.000
18.000	-2.000	48.000

// nullstudy82
// Subjects=106
-36.000	22.000	38.000
56.000	-68.000	6.000
-4.000	26.000	34.000
22.000	-90.000	-24.000
34.000	-28.000	16.000
-46.000	10.000	42.000
32.000	-58.000	-2.000
50.000	32.000	18.000
-14.000	40.000	-12.000
60.000	-8.000	-8.000
-30.000	-34.000	50.000
-18.000	-54.000	72.000
-66.000	-32.000	2.000
-12.000	-78.000	-24.000
12.000	26.000	6.000
-16.000	10.000	-36.000

// nullstudy83
// Subjects=30
-20.000	40.000	22.000
30.000	52.000	-2.000
22.000	-34.000	2.000

// nullstudy84
// Subjects=27
24.000	-76.000	-36.000

// nullstudy85
// Subjects=35
54.000	-16.000	40.000
62.000	-8.000	14.000
50.000	-34.000	14.000
-12.000	-102.000	-14.000
-18.000	-56.000	56.000
-42.000	-36.000	-26.000
-40.000	-76.000	4.000
-24.000	-14.000	14.000
-38.000	-22.000	-26.000
36.000	28.000	30.000
2.000	-32.000	-52.000
-36.000	-38.000	32.000
-2.000	-74.000	22.000
-14.000	-84.000	24.000

// nullstudy86
// Subjects=50
32.000	-40.000	-20.000

// nullstudy87
// Subjects=19
-66.000	-44.000	34.000
-20.000	-46.000	-22.000
24.000	14.000	6.000
-32.000	20.000	32.000
4.000	-76.000	36.000
40.000	-12.000	66.000
40.000	-12.000	36.000
48.000	-66.000	-22.000
54.000	-64.000	-30.000
12.000	18.000	24.000
-14.000	44.000	22.000
-30.000	-14.000	34.000
-38.000	-76.000	-46.000
-34.000	48.000	28.000
50.000	-32.000	52.000
-40.000	-60.000	56.000

// nullstudy88
// Subjects=16
-2.000	-54.000	10.000
30.000	8.000	-42.000
32.000	-18.000	30.000

// nullstudy89
// Subjects=50
-52.000	-60.000	10.000

// nullstudy90
// Subjects=64
-42.000	24.000	28.000

// nullstudy91
// Subjects=50
34.000	54.000	-6.000
-10.000	-50.000	16.000
54.000	-48.000	-20.000

// nullstudy92
// Subjects=32
-44.000	20.000	-32.000

// nullstudy93
// Subjects=19
8.000	-36.000	-50.000

// nullstudy94
// Subjects=30
-26.000	26.000	14.000

// nullstudy95
// Subjects=68
46.000	-66.000	-46.000

// nullstudy96
// Subjects=16
58.000	-34.000	0.000
-48.000	-54.000	46.000
-48.000	-52.000	26.000
-20.000	-86.000	-18.000
-10.000	-88.000	-18.000
52.000	-40.000	-6.000
-40.000	-36.000	54.000
-50.000	-74.000	-12.000
40.000	-30.000	8.000
-20.000	-26.000	62.000
6.000	-38.000	24.000
-20.000	54.000	40.000
28.000	0.000	-44.000
22.000	-66.000	64.000

// nullstudy97
// Subjects=50
52.000	-30.000	60.000
-24.000	66.000	-12.000
8.000	-14.000	50.000
-38.000	16.000	36.000
32.000	-72.000	46.000
-46.000	-46.000	48.000
48.000	-42.000	40.000
12.000	-84.000	32.000
-46.000	-6.000	-14.000
-36.000	44.000	34.000

// nullstudy98
// Subjects=30
6.000	-14.000	54.000

// nullstudy99
// Subjects=50
-6.000	-70.000	-38.000
14.000	-36.000	6.000
-40.000	-42.000	50.000
36.000	-52.000	-60.000
-12.000	-6.000	16.000
40.000	-76.000	42.000
36.000	-76.000	-48.000
22.000	-38.000	-36.000
52.000	-78.000	4.000
-24.000	-4.000	6.000
-38.000	-16.000	16.000
50.000	-4.000	44.000
24.000	-34.000	4.000
44.000	20.000	46.000

// nullstudy100
// Subjects=36
-38.000	38.000	-6.000

// nullstudy101
// Subjects=16
-44.000	-56.000	-52.000
70.000	-30.000	10.000
22.000	-44.000	-56.000
22.000	-28.000	78.000
6.000	-26.000	8.000
-44.000	0.000	0.000
16.000	34.000	-12.000
44.000	-38.000	30.000
-62.000	-8.000	10.000
6.000	48.000	10.000
2.000	-46.000	-38.000
22.000	-58.000	-28.000
-8.000	36.000	54.000
-24.000	-82.000	38.000

// nullstudy102
// Subjects=64
-44.000	8.000	-28.000
2.000	-52.000	-22.000
-60.000	-48.000	10.000
16.000	32.000	-18.000
-28.000	-32.000	-4.000

// nullstudy103
// Subjects=50
60.000	12.000	6.000
24.000	-80.000	-32.000
-28.000	4.000	66.000
-24.000	-12.000	50.000
16.000	52.000	44.000
-58.000	-20.000	4.000
-56.000	26.000	4.000
-34.000	-82.000	8.000
24.000	-6.000	42.000
-34.000	-64.000	-12.000

// nullstudy104
// Subjects=30
20.000	58.000	32.000

// nullstudy105
// Subjects=16
18.000	-66.000	10.000
-14.000	-100.000	0.000
34.000	-70.000	48.000

// nullstudy106
// Subjects=21
-36.000	-44.000	50.000
48.000	-46.000	-30.000

// nullstudy107
// Subjects=28
-62.000	-18.000	12.000

// nullstudy108
// Subjects=36
64.000	-46.000	28.000
26.000	0.000	62.000

// nullstudy109
// Subjects=19
44.000	-4.000	-16.000
18.000	12.000	66.000
46.000	-6.000	58.000
36.000	48.000	34.000
-22.000	-94.000	16.000

// nullstudy110
// Subjects=28
-62.000	-14.000	0.000
-4.000	-56.000	-46.000
-28.000	-52.000	28.000
-54.000	-60.000	36.000
54.000	18.000	8.000
66.000	-4.000	30.000
4.000	38.000	56.000
-30.000	-68.000	60.000
6.000	-40.000	-38.000
28.000	-50.000	48.000
18.000	-66.000	-28.000
-56.000	-8.000	4.000
28.000	-12.000	-6.000
14.000	6.000	16.000
56.000	16.000	0.000
-16.000	42.000	30.000

// nullstudy111
// Subjects=32
18.000	-2.000	20.000
10.000	-52.000	40.000
2.000	62.000	-2.000
60.000	-38.000	-24.000
-4.000	26.000	62.000
26.000	-60.000	-32.000
4.000	-78.000	42.000
-26.000	-46.000	-36.000
-18.000	-86.000	22.000
-20.000	-74.000	-26.000

// nullstudy112
// Subjects=41
-2.000	-32.000	6.000

// nullstudy113
// Subjects=30
-40.000	14.000	-18.000

// nullstudy114
// Subjects=50
-14.000	-68.000	32.000

// nullstudy115
// Subjects=30
8.000	-86.000	2.000
