// Reference=MNI
// Bach, 2021
// Subjects=29
-42	12	-2
30	24	6
4	28	26

// Koski, 2020
// Subjects=48
56	74	56
72	40	50
54	52	47
35	88	55

// Ochsner, 2005
// Subjects=16
36	42	10
46	-54	44
-18	22	56
-12	40	42
8	32	32

// Yin, 2021
// Subjects=28
-12	66	-3
-36	27	-9
-27	-72	57
24	-75	60

// Zhu, 2007
// Subjects=13 
0	51	3
-6	33	0
8	55	6
-6	36	20
-24	57	12

// Cikara, 2014
// Subjects=21
-40	52	10
-32	48	20
-44	48	-4
-42	-56	52
-38	-58	50
-36	-60	52
-62	-46	-10
-56	-34	-8
-56	-24	-18
-48	12	42
-42	10	36
-36	6	34

// Gutchess, 2007
// Subjects=19
-4	34	14
-6	40	0
-4	12	4
-68	-48	22
-56	-48	18
-24	54	24
28	52	42
-26	38	42
-8	42	-2
-6	36	14
10	40	-2
-64	-46	18

// Han, 2010
// Subjects=14
8	34	28
-4	-18	42
-34	10	-6

// Hornung, 2019
// Subjects=34
-3	38	5
-47	-49	26
28	-81	-34
47	-34	1

// Jenkins, 2011
// Subjects=15
36	20	-6
-36	14	-6
62	6	6
34	-64	56
-22	-64	58
14	18	4
-12	14	6
-32	48	16
-22	56	32
48	2	38
-58	-36	16
48	-68	-8
-44	-66	-4

// Kelley, 2002
// Subjects=21
11.66	57.01	-8.18
14.89	-44.35	55.58

// L. Zhu, 2012
// Subjects=14
0	50	-8
20	54	16
-22	50	28
-16	60	20
2	-14	38
-58	-48	22
28	20	-20
-26	22	-22
10	22	62
8	28	50
-56	-62	-14
-52	-34	4
-2	-50	48
-8	10	-12
-28	58	-8

// Lombardo, 2010
// Subjects=33
-6	50	-6
-4	62	2
22	-82	 -24

// Lou, 2004
// Subjects=13
49.34	-56.11	42.71

// Ma, 2011
// Subjects=23
8	56	10
6	42	24

// Ma, 2014
// Subjects=30
-2	34	22
4	24	40
-24	42	38
-4	34	0
-2	44	10
18	6	10
-2	-16	10

// Pfeifer, 2007
// Subjects=12
5.12	56.57	-12.51

// Powell, 2010
// Subjects=13
4	32	6
44	-58	-6
26	-44	-46
26	-44	-20
-16	-46	-16
64	-30	34
-58	-28	18
-60	0	12
64	-34	20
-24	-86	26
-16	8	-8
6	-32	52
-10	-28	44

// Sarsam, 2013
// Subjects=14
-5.38	37.99	7.44
24.12	-11.92	23.08
-5.9	-30.03	37.71
-15.87	4.2	25.52
55.24	-30.91	2.01
1.24	-5.8	9.41
8.77	-32.24	1.82
-44.34	-28.25	-10
-.29	-40.47	52.09
-21.14	39.13	43.45
-31.38	-52.33	-15.68
-40	-69.69	-17.18
7.38	-28.04	-22.11

// Sul, 2011
// Subjects=19
-4	52	10
60	-42	22
14	38	52
-44	-56	20
-4	-56	44
-18	34	54
28	46	34
-4	-82	-4

// Van buuren, 2010
// Subjects=19
-8	-64	4
0	52	20
-64	-52	8
-8	0	8
40	-80	0
24	-24	-16
-20	40	40
-4	-48	44
-32	-84	4
64	-48	28
44	8	16
-36	-16	36
32	52	24
12	12	64

// Yang, 2013
// Subjects=25
-6	56	7
-12	50	1
-3	35	4

// Wang, 2012
// Subjects=32
0	40	18

// Wang, 2016
// Subjects=27
-3	57	-3
-18	22.5	9
-24	-61.5	18
25.5	57	27
10.5	18	61.5
30	-52.5	0

// Wu, 2010
// Subjects=31
-7.69	43.43	-3.15
7.33	31.8	-13.46
0.82	53.47	-11.01
-17.83	45.08	49.53
-15.86	44.8	34.95
-20.3	53.73	27.42

// Yang, 2016
// Subjects=25
-43.38	62.76	-1.09
-40.1	25.88	-5.34
-14.56	-48.77	32.98
-7.81	-88.33	45.75
-26.82	-46.19	3.8
-68.11	-34.92	-11.18
-61.14	-50.93	23.91
-27.44	-95.27	29.96

// Yaoi, 2015
// Subjects=18
-8	48	0
-6	38	2
10	44	20
-8	-26	48
-4	-14	-2
-20	-40	54
12	-64	-24
8	-54	-6
20	-56	-14
-52	-58	0
-22	-62	-32
-50	-68	4
52	-52	-6
44	-50	-10
38	-36	-12
34	-28	-6
34	-20	-12

// Yoshimura, 2009
// Subjects=15
-18.52	-21.34	-17.85

// Zhang, 2006
// Subjects=7
-5.49	57.99	3.22
-1.06	52.24	10.43
-12.02	48.83	-2.49
3.19	49.51	3.91
3.14	62.27	2.65
9.68	53.99	5.59
-.68	50.69	39.72
1.2	55.21	19.07
25.32	38.23	42.75
-18.04	-57.13	12.58
1.02	58.22	5.32
9.69	51.87	5.8
7.72	59.9	22.97
-14.19	44.36	-4.25
-9.99	52.26	-11.83

// Benoit, 2010
// Subjects=13
26	50	26
-12	34	26
-42	32	10
46	28	4
52	10	-6
42	4	24
34	4	6
38	-4	-34
-32	0	2
0	-2	18
62	-36	40

// Chen, 2015
// Subjects=27
9	-48	45
-9	-39	45
0	51	-3
45	-84	18
-48	-18	-30
60	-24	18
9	-21	9
-63	-39	18
-60	-51	-18
30	30	36
-9	-6	69

// D'Argembeau, 2007
// Subjects=17
-10	46	22

// Furichi, 2019
// Subjects=15
-23	-21	-10
-1	-15	46

// Heatherton, 2006
// Subjects=30
1.11	44.7	10.02
-8.87	60.23	-7.03
7.32	63.48	-7.63
-47.82	24.61	-18.53
52.59	36.56	-22.55
49.56	16.21	-10.4
64.92	-38.84	-2.97
14.66	31.57	52.55
-50.73	-72.5	-12.24

// Kedia, 2019
// Subjects=18
3	47	7
27	-76	-5
-30	-88	-5

// Knyazev, 2020
// Subjects=47
27	-64	50
9	-55	53

// Laurita, 2020
// Subjects=29
-8	-68	38
-22	-96	-4
46	-40	32
8	-24	32
40	8	54
52	-50	-4
-42	-48	34
-60	18	12
10	30	26
16	12	52
-40	48	10
24	-28	0
-14	30	-24
-58	-16	-40
-12	22	-6
30	18	-8
62	16	14
-24	24	-6

// McAdams, 2014
// Subjects=18
-4	-94	-4
-16	-90	8
-10	-78	-2
8	-82	-4
12	-90	12
16	-88	-10
32	-86	12
24	-76	16
-24	-68	-18
-28	-78	-20
-18	-70	-4

// Modinos, 2009
// Subjects=16
-8	28	28
6	28	28
26	54	30
-24	52	32
20	52	36
-24	50	22
66	-40	18
8	10	62
-36	20	4

// Modinos, 2011
// Subjects=18
-2	42	6 
-40	20	4
44	18	-6 
-12	54	2 

// Moran, 2011
// Subjects=21
-6	60	9
3	45	0
6	-24	39

// Ochsner, 2005
// Subjects=16
26	42	4

// Park, 2020
// Subjects=28
-26	38	-4 
-12	50	2 
-24	48	-2

// Pauly, 2014
// Subjects=13
46	20	-30
-3	20	-20
-20	-10	-33

// Schmitz 2004
// Subjects=18
29.14	58.52	7.06
-29.18	51.94	8.7
33.42	-42.42	-16.65

// Van, 2017
// Subjects=30
-30	26	-11
-51	5	-23
-51	14	-26
-9	-19	1
18	-22	-2
-24	-16	-5
-54	-31	1
-60	-40	10
-51	-19	-5
48	2	-35
57	8	-29
30	-61	-23
30	-46	-23
-3	-70	-8

// Vanderwal, 2008 
// Subjects=17
14.04	40.08	5.78
7.77	41.61	22.54
-37.79	-45.24	-8.43

// Wang, 2012
// Subjects=32
-6	46	20

// Wu, 2010
// Subjects=31
-38 	-54	43

// Yamawaki, 2017
// Subjects=19
-6	55	22 
51	-59	-8 

// Yang, 2012
// Subjects=17
0.14	32.35	15.74
-4.27	51.38	12.81
18.87	41.71	45.87
-16.11	13.38	8.93
0.49	-52.53	26.38

// Y.Zhu, 2007
// Subjects=13 
-4	46	-6

// Benoit, 2010
// Subjects=13
-8	36	52
50	30	-8
-48	28	-8
-50	-2	-32
68	-10	-20
-2	-12	36
-6	-50	24
-44	-56	26
58	-64	24

// Fields, 2019
// Subjects=17
-52	22	0
-50	24	-4
-44	10	-22
-54	-30	-2
-52	-4	-18
-44	-16	62
2	10	60
-6	64	28
18	-90	2
-20	-90	-14
40	-86	-8
42	12	-24

// Fossati, 2003
// Subjects=10
11.86	55.27	7.67
-16.04	46.74	21.32
-13.46	-23.47	39.43

// Fuentes-Claramonte, 2020
// Subjects=27
-4	-52	30
-10	58	-6
-44	-60	22
54	12	-30
0	-20	36

// Furuichi, 2019
// Subjects=15
-18.05	-99.86	3.36
-44.06	17.62	21.31
-3.78	24.4	45.73
0.15	-17.92	6.15
-50.68	-35.95	-.17

// Han, 2008
// Subjects=14
-50.91	27.97	-5.37
-9.48	60.46	29.93
-55.73	-61.86	21.53
-84.14	-24.92	4.83

// Han, 2010
// Subjects=14
-10	34	50
-42	26	-4
-38	8	46
-58	0	-12
32	-76	-32

// Heatherton, 2006
// Subjects=30
-47.82	24.61	-18.53
54.81	24.97	-20.32
10.52	63.18	-11.02
-34.52	-75.64	-12.2
4.73	-45.48	21.12
30.18	-79.64	-24.11

// Herold, 2015
// Subjects=28
-32	34	-14
-50	36	6
-54	8	26
-18	38	46
-6	40	20
-4	32	-12
-4	46	2
22	-66	10
-6	-94	2
-32	-88	18
14	-84	10
16	-82	-6
-58	-54	-14
-34	-70	42
30	-42	-6
-40	-6	8
44	-14	56
10	0	54
-26	-52	-18

// Herold, 2017
// Subjects=14
-20	40	46
-8	44	6
-44	34	-14
-10	-52	28

// Hornung, 2019
// Subjects=34
-10	54	34
28	-81	-34
59	-6	-20
-28	-81	-34

// Lou, 2004
// Subjects=13
-7.02	49.58	51.14
5.98	-48.59	33.74
-50.13	-65.8	36.4
-46.76	32.16	-18.18
57.98	-69.26	39.38
-11.2	-98.2	32.21
24.64	-96	-38.09

// Li, 2019
// Subjects=20
-6	38	55
-6	23	64
-15	47	40
-6	-52	31
-9	-52	7
6	-76	7 
0	-13	43
-39	11	46
-42	29	-8
-57	26	10
-36	5	49
-3	56	31
-9	26	61
-9	44	52
 21	-79	-38
-42	-58	28
-54	-43	25
-9	-49	28
-9	-46	1
54	11	-29
30	17	-14
36	26	-14
36	17	-26
-18	5	4
-27	-1	-2
-15	8	19
-3	41	16
6	 38	13
3	 50	22
-15	-28	-15
-33	11	-17
-33	23	-11
-6	41	19
6	 56	34
24	50	31
-6	-13	13
12	-7	13

// Martial, 2018
// Subjects=20
8	-86	-6
52	-64	34
12	4	14
-44	28	-8

// Modinos, 2011
// Subjects=18
-8	52	-2
-4	58	22
-6	-52	26
-34	18	-12
32	18	-16

// Noll, 2018
// Subjects=37
0	34	-6
-4	34	2
0	50	0
-10	-62	18
4	-62	26
6	-52	26
-46	-56	50
-42	-54	42
-34	-68	52
42	14	46
0	-16	40
0	-6	6
-2	-18	10
-44	48	2
-8	-28	50
34	-46	-28
22	-50	-26
34	54	0
46	-60	48
46	-52	40

// Ochsner, 2005
// Subjects=17
-6	32	30

// Oetken, 2017
// Subjects=20
-51	26	-8
-42	 -58	28
27	-76	-29
-3	-49	28
42	29	-17
-42	14	49
45	14	-35
60	-64	28 

// Pauly, 2013
// Subjects=24
-3	59	16
-50	26	-7
-3	-56	23
-53	-73	30
-56	-13	-10
36	17	-33
-23	-13	-23
-56	17	36
7	23	-20
3	23	66
16	-3	-26

// Pauly, 2014
// Subjects=13
-3	59	20
-43	30	-17
40	20	-33
-3	-53	20
-50	-10	-20

// Pfeifer,2007
// Subjects=12
-67.98	-24.1	1.2
61.77	-29.4	6.24
-59.62	-2.13	-16.81
50.84	-26.02	-2.88
-48.4	-29.59	10.37
51.06	-30.95	13.29
-48.43	22.71	18.64
59.41	23.77	1.02
-59.43	23.35	3.08
57.16	23.14	-5.61
-50.95	20	-10.18
48.43	24.61	-12.33
-55.46	9.82	-27.02
54.87	6.78	-19.64
-15.93	51.93	30.89
-5.27	59.65	20.98
-3.34	68.84	4.35
14.04	65.27	11.13
-58.98	-34.55	26.73
3.69	29.23	39.52
-2.65	21.53	49.36
-37.84	18.96	0.91
-18.44	9.9	-5.25
9.86	7.2	10.22
-41.51	6.29	49.29
-50.28	16.27	41.72

// Powell,2010
// Subjects=13
44	-48	50
46	28	30
-48	-44	50
24	4	56
44	-32	44 
-40	-36	46 
-22	-4	54 
-56	10	38 
26	4	62 
12	40	20

// Schmitz 2004
// Subjects=18
7.35	61.46	-6.31
3.67	-60.69	19.29
3.33	-23.85	-0.04
-3.5	19.55	-17.67

// Van buuren, 2010
// Subjects=19
-4	48	16
-8	-60	8
-32	16	-24
44	-16	-20

// Van buuren, 2012
// Subjects=18
8	64	8
-32	28	-16
-48	-72	24
32	20	-16

// Wade-Bohleber, 2019
// Subjects=35
32	-54	6
32	16	10
-24	16	10
-14	-54	30
-54	-68	8
52	-70	0
-2	2	50

// Wang, 2012
// Subjects=32
-8	42	50
-38	24	-14
-48	-60	20
-6	-64	16
-10	16	8
 
// Zhu, 2007
// Subjects=13
-44.59	23.45	-19.59
3.26	60.98	11.74
-13.89	68.54	24.73
-65.74	-36.65	4.64
-31.63	16.91	-21.41
-4.68	33.4	61.66
-5.05	61.31	38.74

// Yoshimura, 2009
// Subjects=15
-6.82	-49.62	46.38
-7.03	-61.06	27.35
10.27	-47.72	31.34
-3.63	46.99	-22.62
3.08	41.03	-6.46
7.23	38.73	-19.75
5.36	61.63	7.15
-.93	59.77	22.01
-58.74	4.07	-30.88
-60.75	-11.26	-22.61
55.78	2.25	-33.77
64.63	-8.18	-19.45
-62.21	-55.29	23.24

// Zeng, 2021
// Subjects=50
24	57	12 
-24	45	21
36	33	33
39	-18	54 
-30	15	-15 
6	30	21
-6	12	63
-30	-45	42
-54	-9	18
-12	-54	-18

// Furuichi, 2019
// Subjects=15
-18.05	-99.86	3.36
-44.06	17.62	21.31
-3.78	24.4	45.73
0.15	-17.92	6.15
-50.68	-35.95	-.17
-23.86	-22	-13.21
0.66	-9.72	47.91

// Makowski, 2016
// Subjects=15
-34	-92	8
-30	16	-22
-10	-8	-8
-12	-10	-14
-14	14	2
10	8	0	
36	20	-24
28	16	-22
24	34	-16	
44	-86	6
10	-48	40
-14	-46	42
-2	-42	38
34	-66	-12
26	-84	-2
40	-84	-14
-14	56	0
8	34	36
6	24	18
-42	-60	-8
-48	-60	-16
52	38	2
-14	-44	58
30	12	-18
34	18	-22
24	2	-12
10	34	38
22	20	50	
30	24	52
-24	-48	24
-30	-54	26
-14	-4	-14
20	-24	-16
32	-24	-20
-6	-54	14
-26	14	-22
-34	20	-18
-24	22	-10
42	-82	24
26	-72	42
32	20	-30
30	34	-14
30	22	-18
30	34	-14
-44	-60	-10
-48	-54	-22
-32	-88	4
-24	-92	-10
0	36	-4
8	46	18
6	36	40
2	4	30
0	-12	36

// Murphy,2010
// Subjects=10
0	-56	26
4	56	20
-18	60	10
54	-36	14

// Pauly, 2013
// Subjects=13
-3	59	20
-43	30	-17
40	20	-33
-3	-53	20
-50	-10	-20
46	20	-30
-3	20	-20
-20	-10	-33

// Zhang, 2015
// Subjects=21
-2	62	14	
-18	56	32	
-20	50	38	
-6	-56	32	
-2	-18	34	
12	-70	60	
-52	-64	38	
-46	-56	24	
-48	-60	32	
26	-82	-34	
42	-44	62
58	-26	52
38	-36	42
-2	62	14	
-18	56	32	
-20	50	38	
-6	-56	32	
-2	-18	34	
12	-70	60	
-52	-64	38	
-46	-56	24	
-48	-60	32	
26	-82	-34	
42	-44	62
58	-26	52
38	-36	42

// Jimenez, 2018
// Subjects=16
-48	-74	-8
-4	8	58
24	6	4
52	8	30
-46	-72	-6
46	10	26
-2	4	56
14	-14	12

// Vinogradov, 2008
// Subjects=8
-10	48	18
-4	57	19
-4	49	12
2	40	20
8	59	19
6	52	21
-8	-56	36

// Blackwood, 2004
// Subjects=8
-3.52	54.41	-12.15
46.06	27.4	-28.25
-40.43	26.68	-31.19
-.5	32.38	50.49
24.66	68.31	-2.8
-27.13	59.83	1.16
-63.43	-53.04	12.95
29.28	-97.95	-13.32

// Sarsam, 2013
// Subjects=14
-5.35	37.22	8.48
23.78	-12.5	23.47
-5.98	-30.77	37.61
-15.8	3.38	25.94
54.66	-30.95	2.36
1.21	-6.26	9.83
8.71	-32.37	1.89
-43.76	-28.34	-10.11
-.5	-41.34	51.82
-21.11	37.75	44.31
-30.91	-52.12	-16.07
-39.42	-69.35	-17.87
7.44	-27.83	-21.89

// Blair, 2011
// Subjects=15
8.45	55.03	3.49
19.51	-81.63	-3.02
46.4	-53.26	31.09

// Bluhm, 2012
// Subjects=15
0	62	18
2	52	-12
8	-54	18

// McAdams, 2016
// Subjects=19
32	-56	36
38	8	6
// nullstudy1
// Subjects=21
36.000	-40.000	-26.000
40.000	0.000	-26.000
-46.000	-16.000	16.000

// nullstudy2
// Subjects=21
20.000	-28.000	70.000
-52.000	-8.000	40.000
2.000	-70.000	-22.000
-34.000	-48.000	48.000

// nullstudy3
// Subjects=23
-10.000	-82.000	22.000
-16.000	-76.000	-30.000
18.000	-2.000	-46.000
22.000	-12.000	34.000
-10.000	48.000	4.000
4.000	26.000	40.000
22.000	-8.000	-6.000

// nullstudy4
// Subjects=15
-42.000	4.000	38.000
24.000	-2.000	-20.000
44.000	-16.000	58.000
4.000	-50.000	64.000
-38.000	8.000	56.000
16.000	-62.000	-16.000
-60.000	-48.000	30.000
-20.000	-20.000	-6.000
62.000	-4.000	26.000
-44.000	-26.000	-28.000
-58.000	-50.000	18.000
60.000	-2.000	38.000
30.000	-58.000	68.000
24.000	-14.000	18.000
-48.000	-60.000	-44.000
8.000	-64.000	-14.000
44.000	18.000	-8.000
0.000	0.000	22.000
-26.000	-76.000	-50.000

// nullstudy5
// Subjects=18
-14.000	-102.000	16.000
2.000	36.000	20.000

// nullstudy6
// Subjects=34
30.000	-4.000	-12.000
-28.000	48.000	18.000

// nullstudy7
// Subjects=29
-28.000	28.000	-22.000
6.000	-52.000	44.000
32.000	-26.000	-28.000

// nullstudy8
// Subjects=29
30.000	-74.000	-52.000
-10.000	30.000	36.000
62.000	0.000	20.000
-28.000	-90.000	4.000
-48.000	22.000	-6.000

// nullstudy9
// Subjects=21
-10.000	-26.000	50.000
-42.000	10.000	-14.000
-50.000	-60.000	26.000
16.000	-66.000	56.000
14.000	-80.000	-16.000
50.000	-14.000	-16.000

// nullstudy10
// Subjects=13
16.000	-30.000	0.000
-16.000	-88.000	10.000
22.000	-48.000	-6.000
-14.000	-56.000	16.000
22.000	44.000	-18.000
-8.000	42.000	0.000
32.000	-74.000	52.000
34.000	-62.000	-6.000

// nullstudy11
// Subjects=14
-6.000	32.000	56.000
16.000	-8.000	-28.000
-10.000	26.000	22.000
-32.000	8.000	34.000

// nullstudy12
// Subjects=19
26.000	-28.000	16.000
22.000	-76.000	40.000
-40.000	42.000	8.000
-8.000	-6.000	68.000
56.000	-34.000	0.000
-18.000	-24.000	-10.000
28.000	18.000	-16.000
-2.000	-18.000	32.000
44.000	-16.000	62.000
40.000	-82.000	-8.000
-26.000	-100.000	14.000
-24.000	36.000	-18.000
2.000	58.000	-18.000
34.000	46.000	18.000
-24.000	-28.000	-14.000
10.000	-62.000	-12.000
-14.000	4.000	-12.000
42.000	-42.000	-32.000
20.000	-50.000	-34.000
22.000	28.000	20.000

// nullstudy13
// Subjects=12
4.000	-60.000	58.000
2.000	0.000	-32.000

// nullstudy14
// Subjects=15
22.000	-2.000	2.000
4.000	18.000	30.000
18.000	16.000	16.000
-8.000	-90.000	4.000
28.000	-52.000	52.000
32.000	-14.000	-14.000

// nullstudy15
// Subjects=15
48.000	-58.000	-38.000
-44.000	8.000	-36.000
40.000	-54.000	-12.000
14.000	-90.000	-6.000
-66.000	-50.000	-4.000
-18.000	-74.000	-28.000
24.000	52.000	30.000
-44.000	-8.000	62.000

// nullstudy16
// Subjects=16
30.000	40.000	38.000
40.000	-72.000	28.000
38.000	-12.000	8.000
42.000	-24.000	48.000
-26.000	34.000	40.000
4.000	36.000	4.000
32.000	-46.000	56.000
-2.000	-42.000	-24.000

// nullstudy17
// Subjects=25
62.000	2.000	-6.000
56.000	-36.000	56.000
20.000	46.000	44.000
26.000	-58.000	6.000
38.000	-58.000	24.000
6.000	48.000	16.000
-16.000	-58.000	68.000

// nullstudy18
// Subjects=14
-16.000	-100.000	2.000
-38.000	-50.000	34.000
-46.000	0.000	54.000
-18.000	-2.000	66.000
10.000	22.000	-26.000

// nullstudy19
// Subjects=18
50.000	-18.000	22.000
28.000	-48.000	24.000
-10.000	-22.000	24.000
8.000	-14.000	-18.000
-30.000	-44.000	18.000
8.000	-76.000	44.000
-18.000	-70.000	-52.000
-68.000	-30.000	34.000

// nullstudy20
// Subjects=19
-6.000	-30.000	70.000
10.000	-40.000	-48.000
-32.000	14.000	-8.000

// nullstudy21
// Subjects=17
16.000	-16.000	48.000
-40.000	-90.000	-6.000
42.000	-64.000	-30.000
-58.000	-46.000	0.000
22.000	18.000	14.000
48.000	-14.000	26.000
4.000	18.000	68.000
28.000	38.000	36.000
-4.000	-22.000	6.000
18.000	-76.000	-22.000
30.000	-56.000	-20.000

// nullstudy22
// Subjects=13
20.000	38.000	28.000
-64.000	-40.000	32.000
-4.000	-64.000	20.000
-38.000	20.000	48.000
4.000	-54.000	20.000

// nullstudy23
// Subjects=15
-20.000	52.000	34.000
48.000	-16.000	-2.000
-50.000	-68.000	8.000
-14.000	4.000	8.000
56.000	-12.000	-20.000
46.000	34.000	-12.000
46.000	-78.000	-32.000
-52.000	22.000	36.000

// nullstudy24
// Subjects=12
24.000	50.000	-4.000
0.000	-24.000	76.000
2.000	30.000	-26.000

// nullstudy25
// Subjects=33
-2.000	-14.000	68.000
-20.000	-44.000	38.000
-2.000	-14.000	60.000
50.000	26.000	-4.000

// nullstudy26
// Subjects=19
48.000	14.000	-14.000
-22.000	-42.000	-8.000
-62.000	-4.000	32.000
-28.000	-8.000	44.000
-58.000	-8.000	34.000
42.000	-16.000	48.000
42.000	-40.000	10.000
68.000	-30.000	6.000

// nullstudy27
// Subjects=19
-40.000	-18.000	24.000
4.000	-6.000	10.000
-40.000	22.000	-10.000
0.000	-42.000	72.000
-6.000	26.000	56.000
-40.000	8.000	-14.000
-34.000	18.000	-44.000

// nullstudy28
// Subjects=30
52.000	-74.000	0.000
54.000	4.000	26.000
-2.000	-56.000	20.000

// nullstudy29
// Subjects=17
-26.000	-6.000	-16.000
-12.000	-60.000	-22.000
2.000	-18.000	16.000
-14.000	-8.000	38.000
-38.000	-54.000	-42.000
-36.000	18.000	-34.000
-32.000	-76.000	-2.000
50.000	32.000	20.000
-24.000	-6.000	-46.000
-12.000	-48.000	-52.000
10.000	8.000	68.000
-10.000	-84.000	28.000
18.000	32.000	20.000

// nullstudy30
// Subjects=15
-2.000	0.000	30.000

// nullstudy31
// Subjects=16
-8.000	-66.000	22.000
48.000	-16.000	32.000
28.000	-20.000	-6.000
26.000	60.000	-4.000
4.000	14.000	52.000
-12.000	-50.000	16.000
32.000	2.000	0.000
-64.000	-42.000	4.000

// nullstudy32
// Subjects=23
30.000	-44.000	60.000
-48.000	-46.000	-28.000
8.000	18.000	-2.000
48.000	14.000	0.000
-4.000	-50.000	-34.000
-18.000	0.000	-34.000
-56.000	-36.000	-26.000
8.000	4.000	-18.000
64.000	-42.000	-2.000
-14.000	10.000	-4.000
46.000	42.000	0.000
-30.000	-22.000	20.000
6.000	-44.000	32.000
46.000	-70.000	-16.000
-12.000	-42.000	50.000
2.000	-48.000	-42.000
-16.000	2.000	52.000
36.000	38.000	42.000
26.000	20.000	40.000

// nullstudy33
// Subjects=20
-52.000	-16.000	44.000
24.000	-84.000	-34.000
-30.000	-8.000	26.000
56.000	-60.000	44.000
20.000	-42.000	14.000
-30.000	-84.000	-12.000
-34.000	60.000	8.000
64.000	-34.000	44.000
42.000	14.000	-16.000
50.000	-54.000	4.000
0.000	-96.000	0.000
28.000	42.000	12.000
26.000	54.000	-4.000

// nullstudy34
// Subjects=16
-42.000	-26.000	36.000
18.000	-6.000	2.000
10.000	48.000	-2.000
-38.000	-88.000	16.000
38.000	-42.000	16.000
-2.000	50.000	44.000
32.000	-70.000	-50.000
-62.000	-50.000	30.000
-40.000	6.000	14.000
16.000	-8.000	74.000
-12.000	-70.000	-12.000
14.000	34.000	8.000
26.000	-14.000	-16.000
-38.000	-44.000	48.000
-16.000	-44.000	-42.000
14.000	-6.000	66.000
-2.000	4.000	56.000
-22.000	-56.000	58.000
18.000	-62.000	18.000

// nullstudy35
// Subjects=27
42.000	-62.000	18.000
-26.000	-14.000	-30.000
-40.000	40.000	-16.000
30.000	-16.000	0.000
-26.000	-46.000	-50.000
32.000	4.000	60.000
30.000	-14.000	74.000
54.000	-60.000	34.000
-28.000	-62.000	50.000
-48.000	-78.000	32.000
-60.000	10.000	22.000
-22.000	-26.000	44.000
20.000	6.000	58.000
-30.000	-46.000	-22.000

// nullstudy36
// Subjects=29
-12.000	-8.000	-12.000
60.000	-22.000	-18.000
-58.000	-14.000	-32.000
28.000	-14.000	-24.000
-30.000	28.000	-18.000

// nullstudy37
// Subjects=15
-58.000	-42.000	18.000
24.000	12.000	-12.000
-16.000	68.000	20.000

// nullstudy38
// Subjects=15
-30.000	54.000	24.000
-24.000	-4.000	10.000
-42.000	-72.000	-8.000
10.000	-68.000	-8.000

// nullstudy39
// Subjects=27
20.000	-40.000	32.000
-2.000	40.000	-16.000
-36.000	-10.000	-24.000
-64.000	-14.000	-20.000
22.000	-66.000	-4.000
26.000	30.000	6.000

// nullstudy40
// Subjects=17
22.000	40.000	40.000
30.000	-52.000	54.000
-24.000	-40.000	4.000
-4.000	-62.000	16.000
-28.000	10.000	38.000
46.000	-74.000	-44.000
6.000	20.000	-2.000
36.000	32.000	14.000
-44.000	48.000	-6.000
-52.000	-68.000	-28.000
-20.000	22.000	56.000
-58.000	-62.000	18.000
50.000	-68.000	-42.000
36.000	-68.000	-52.000
26.000	56.000	-2.000
30.000	10.000	-44.000
42.000	46.000	14.000
-2.000	-50.000	58.000
8.000	-42.000	48.000
-18.000	-92.000	6.000
12.000	-22.000	32.000
54.000	24.000	-8.000
24.000	-62.000	28.000
16.000	-12.000	62.000
-22.000	56.000	12.000
8.000	18.000	52.000

// nullstudy41
// Subjects=18
-26.000	-20.000	20.000
32.000	14.000	-32.000
-52.000	-44.000	10.000
42.000	-26.000	44.000
-20.000	-62.000	24.000
-4.000	-4.000	44.000
-36.000	-58.000	42.000

// nullstudy42
// Subjects=19
24.000	-10.000	34.000

// nullstudy43
// Subjects=15
28.000	2.000	-50.000
26.000	36.000	52.000
24.000	22.000	36.000
8.000	-6.000	74.000
-48.000	-8.000	-36.000
-54.000	-26.000	38.000

// nullstudy44
// Subjects=19
8.000	66.000	-14.000
-22.000	-68.000	6.000
50.000	-8.000	-2.000

// nullstudy45
// Subjects=28
46.000	6.000	-10.000
-18.000	-44.000	52.000
-42.000	-76.000	2.000
-4.000	-42.000	76.000
-4.000	18.000	42.000
-6.000	52.000	-8.000
-42.000	-82.000	-12.000
-30.000	64.000	-6.000
-50.000	-48.000	-34.000
4.000	14.000	20.000
26.000	20.000	46.000
-20.000	8.000	10.000
-16.000	-44.000	20.000

// nullstudy46
// Subjects=25
-40.000	30.000	-8.000
-40.000	-42.000	4.000
6.000	-74.000	-50.000
-6.000	24.000	-20.000
-8.000	-68.000	32.000

// nullstudy47
// Subjects=35
64.000	-30.000	32.000
48.000	16.000	22.000
36.000	-94.000	-2.000

// nullstudy48
// Subjects=7
10.000	22.000	12.000
42.000	-10.000	8.000
0.000	38.000	-14.000
10.000	12.000	-20.000
38.000	-18.000	60.000
32.000	4.000	2.000
-56.000	-20.000	-14.000
-52.000	-48.000	8.000
-40.000	20.000	-26.000
-20.000	16.000	-40.000
40.000	-84.000	22.000
-58.000	-16.000	42.000

// nullstudy49
// Subjects=14
-22.000	-92.000	0.000
-16.000	-80.000	50.000
24.000	4.000	62.000
6.000	48.000	10.000

// nullstudy50
// Subjects=18
66.000	-36.000	40.000
-18.000	60.000	-12.000
-52.000	-44.000	-2.000

// nullstudy51
// Subjects=14
2.000	-22.000	34.000
-32.000	0.000	28.000

// nullstudy52
// Subjects=21
-32.000	-16.000	44.000
30.000	-2.000	-16.000
26.000	-56.000	58.000

// nullstudy53
// Subjects=16
48.000	-78.000	-4.000
-34.000	-22.000	-28.000
-20.000	42.000	8.000
-16.000	6.000	66.000

// nullstudy54
// Subjects=14
4.000	6.000	34.000
12.000	-42.000	14.000
-36.000	-72.000	50.000
-38.000	32.000	46.000
-60.000	4.000	16.000
-66.000	-54.000	4.000
26.000	-42.000	-54.000
38.000	50.000	10.000
30.000	-8.000	12.000
62.000	-10.000	22.000
64.000	-34.000	4.000
2.000	-70.000	-20.000
58.000	-26.000	34.000
-10.000	-78.000	-50.000
38.000	20.000	-38.000
-18.000	-72.000	-52.000
-34.000	-32.000	60.000
32.000	-92.000	8.000
26.000	-40.000	18.000
-42.000	-74.000	-46.000
44.000	44.000	26.000
28.000	-8.000	-14.000
16.000	56.000	12.000
30.000	-26.000	72.000
42.000	-76.000	4.000
-62.000	8.000	10.000
-44.000	-62.000	48.000
20.000	-76.000	42.000
-38.000	-52.000	24.000
24.000	42.000	-20.000
32.000	-6.000	-8.000
46.000	22.000	18.000
-36.000	-68.000	-24.000
34.000	-18.000	66.000
40.000	-82.000	30.000
-10.000	2.000	-36.000
-22.000	-6.000	8.000

// nullstudy55
// Subjects=25
38.000	-52.000	56.000
4.000	42.000	2.000
-36.000	8.000	26.000

// nullstudy56
// Subjects=15
4.000	-4.000	10.000
-24.000	-48.000	-50.000
36.000	26.000	-4.000
-24.000	-90.000	2.000
36.000	-2.000	-2.000
28.000	-18.000	20.000
-58.000	-32.000	34.000
12.000	-42.000	60.000
-30.000	-44.000	54.000
12.000	20.000	54.000
42.000	32.000	8.000

// nullstudy57
// Subjects=17
62.000	-30.000	-28.000

// nullstudy58
// Subjects=18
40.000	-18.000	0.000
-54.000	-74.000	14.000
-26.000	64.000	2.000
-54.000	-64.000	-22.000
-28.000	-60.000	-14.000

// nullstudy59
// Subjects=15
-2.000	-16.000	-40.000
-4.000	46.000	-8.000
10.000	-48.000	-14.000

// nullstudy60
// Subjects=34
-14.000	-72.000	-34.000
10.000	14.000	24.000
-18.000	-48.000	-22.000
42.000	-64.000	6.000

// nullstudy61
// Subjects=19
2.000	-24.000	44.000
10.000	-24.000	-38.000
30.000	-18.000	54.000
24.000	-64.000	-24.000
-24.000	36.000	14.000
-54.000	-58.000	8.000
-60.000	-30.000	6.000
-50.000	-18.000	0.000
12.000	-72.000	36.000
14.000	-92.000	4.000
40.000	12.000	34.000
-48.000	-84.000	0.000

// nullstudy62
// Subjects=19
10.000	-68.000	36.000
60.000	-52.000	-12.000
-26.000	50.000	10.000
-14.000	-14.000	18.000
36.000	-2.000	0.000
14.000	6.000	60.000
-26.000	-48.000	-8.000
-28.000	50.000	-12.000
42.000	-36.000	62.000
56.000	24.000	12.000

// nullstudy63
// Subjects=19
-40.000	28.000	-6.000

// nullstudy64
// Subjects=15
-10.000	-84.000	10.000
60.000	-24.000	-24.000
-58.000	-24.000	-8.000

// nullstudy65
// Subjects=17
-42.000	-88.000	-14.000
6.000	-60.000	-14.000
12.000	0.000	52.000
8.000	-44.000	-32.000
-8.000	16.000	68.000

// nullstudy66
// Subjects=19
-48.000	14.000	46.000
-2.000	42.000	12.000
18.000	-24.000	48.000
34.000	-16.000	-8.000
26.000	-86.000	0.000
6.000	-78.000	-22.000
-22.000	44.000	10.000
-30.000	2.000	42.000

// nullstudy67
// Subjects=15
38.000	-14.000	44.000
48.000	-64.000	26.000
-22.000	-64.000	-50.000
22.000	-56.000	10.000
6.000	2.000	66.000
42.000	-48.000	46.000
-52.000	-8.000	34.000

// nullstudy68
// Subjects=17
-64.000	-46.000	-4.000
48.000	-6.000	-6.000
54.000	0.000	-30.000
8.000	-32.000	-20.000
52.000	-74.000	-2.000
2.000	32.000	-16.000
-28.000	58.000	20.000
-30.000	-34.000	28.000
38.000	20.000	-44.000
24.000	-74.000	18.000
32.000	-56.000	-2.000
38.000	-24.000	-12.000
-28.000	-76.000	42.000
-28.000	-78.000	-16.000
-56.000	-48.000	-18.000
-12.000	54.000	34.000
38.000	24.000	-14.000
6.000	-72.000	40.000
-52.000	-18.000	26.000

// nullstudy69
// Subjects=32
64.000	-26.000	42.000
-38.000	-48.000	12.000
14.000	-60.000	-54.000
-12.000	-44.000	-44.000
44.000	-2.000	18.000
10.000	36.000	24.000
12.000	52.000	-22.000
34.000	-20.000	-16.000
56.000	-46.000	-6.000
16.000	-20.000	10.000
-52.000	-42.000	-20.000
-10.000	12.000	18.000
-20.000	-58.000	-18.000
-30.000	50.000	4.000
-58.000	0.000	8.000

// nullstudy70
// Subjects=33
-50.000	-42.000	28.000
48.000	-8.000	-20.000
30.000	62.000	22.000
44.000	-16.000	42.000
-22.000	-48.000	-32.000
26.000	-10.000	50.000
26.000	60.000	14.000
-6.000	-38.000	-8.000
50.000	-48.000	22.000
30.000	48.000	-14.000

// nullstudy71
// Subjects=19
-24.000	-52.000	16.000

// nullstudy72
// Subjects=28
-22.000	-30.000	32.000
-44.000	-34.000	50.000
-8.000	-22.000	10.000
-26.000	-24.000	38.000

// nullstudy73
// Subjects=47
-10.000	68.000	24.000
-56.000	-28.000	12.000
-50.000	-34.000	22.000
-12.000	18.000	20.000
0.000	-20.000	68.000

// nullstudy74
// Subjects=27
2.000	32.000	34.000
-20.000	-10.000	20.000
6.000	-20.000	74.000
0.000	24.000	60.000
24.000	8.000	-26.000
-14.000	12.000	2.000
-14.000	-2.000	34.000
14.000	-8.000	36.000

// nullstudy75
// Subjects=27
-42.000	-8.000	4.000

// nullstudy76
// Subjects=48
-22.000	-48.000	-38.000
-40.000	-78.000	-8.000
-16.000	16.000	28.000

// nullstudy77
// Subjects=15
-2.000	-92.000	14.000
-32.000	40.000	44.000
-16.000	-90.000	-18.000
6.000	12.000	26.000
42.000	2.000	-10.000
24.000	-44.000	-56.000
-2.000	40.000	50.000

// nullstudy78
// Subjects=29
-20.000	-48.000	-46.000
46.000	-62.000	-6.000
6.000	-34.000	38.000
12.000	12.000	10.000
16.000	58.000	10.000
30.000	8.000	-12.000
36.000	-8.000	44.000
44.000	-12.000	56.000
-34.000	-38.000	-20.000
-20.000	-50.000	76.000
-62.000	-26.000	14.000
-46.000	-70.000	-16.000
8.000	-18.000	-6.000
10.000	-62.000	-18.000
-38.000	-80.000	-6.000

// nullstudy79
// Subjects=15
-30.000	-10.000	-4.000
-24.000	40.000	18.000
-8.000	-38.000	64.000
48.000	40.000	-6.000
24.000	6.000	66.000
-20.000	0.000	-44.000
-20.000	14.000	-4.000
2.000	-68.000	-8.000

// nullstudy80
// Subjects=15
20.000	-10.000	-6.000
-6.000	-66.000	-8.000
44.000	-74.000	-34.000
-20.000	-12.000	44.000
46.000	16.000	-28.000
8.000	-32.000	-22.000
10.000	-42.000	40.000
26.000	56.000	10.000
-2.000	-14.000	24.000
24.000	-60.000	26.000
-20.000	-74.000	38.000
16.000	-60.000	-52.000
-18.000	-44.000	28.000

// nullstudy81
// Subjects=13
14.000	-22.000	72.000

// nullstudy82
// Subjects=20
42.000	40.000	16.000

// nullstudy83
// Subjects=15
68.000	-30.000	-18.000
-22.000	-26.000	-12.000
56.000	12.000	2.000
-26.000	34.000	36.000

// nullstudy84
// Subjects=32
24.000	-44.000	-20.000
-22.000	-48.000	2.000
-4.000	44.000	-6.000

// nullstudy85
// Subjects=8
-6.000	-24.000	-14.000
26.000	-58.000	-4.000
0.000	-54.000	18.000
-8.000	-80.000	-24.000
-10.000	20.000	6.000
16.000	64.000	-12.000
-34.000	-14.000	2.000
2.000	54.000	42.000
22.000	40.000	42.000
8.000	-44.000	34.000
4.000	48.000	20.000
-60.000	-20.000	36.000
-12.000	-10.000	-24.000
6.000	-78.000	-34.000

// nullstudy86
// Subjects=30
-24.000	-16.000	-4.000
62.000	-52.000	-14.000
38.000	8.000	52.000
22.000	-36.000	70.000
-34.000	-52.000	56.000
-24.000	-32.000	-8.000
2.000	-28.000	24.000
-52.000	-48.000	-40.000
-42.000	-24.000	34.000
8.000	-62.000	20.000
16.000	26.000	-24.000
22.000	56.000	-10.000
-12.000	46.000	0.000
38.000	-72.000	48.000
-4.000	34.000	-28.000

// nullstudy87
// Subjects=15
-42.000	32.000	18.000
12.000	-84.000	-4.000
-8.000	16.000	60.000
30.000	14.000	54.000
-66.000	-40.000	0.000
34.000	-84.000	28.000

// nullstudy88
// Subjects=47
4.000	14.000	-14.000
38.000	6.000	56.000
-20.000	-16.000	-16.000
54.000	16.000	44.000
56.000	26.000	-4.000
-68.000	-16.000	22.000
20.000	-92.000	34.000
-60.000	-24.000	12.000
-4.000	-24.000	8.000
18.000	-82.000	36.000
-40.000	-22.000	48.000
26.000	-82.000	16.000
8.000	6.000	54.000
-10.000	46.000	18.000
-40.000	-14.000	48.000
-62.000	2.000	22.000
26.000	56.000	30.000

// nullstudy89
// Subjects=18
30.000	-48.000	0.000
0.000	-12.000	38.000
-20.000	-18.000	32.000
24.000	22.000	-12.000
-8.000	-90.000	4.000
-12.000	-8.000	48.000
-26.000	-16.000	18.000
56.000	-16.000	-24.000
2.000	-18.000	0.000
-14.000	50.000	-16.000
36.000	20.000	10.000

// nullstudy90
// Subjects=25
-12.000	6.000	-34.000

// nullstudy91
// Subjects=20
54.000	-68.000	-2.000
-10.000	-20.000	-32.000

// nullstudy92
// Subjects=18
42.000	54.000	12.000

// nullstudy93
// Subjects=47
-14.000	-30.000	48.000
-46.000	-38.000	58.000
12.000	-28.000	66.000
32.000	46.000	-14.000
28.000	-26.000	18.000
-22.000	-48.000	-58.000
-10.000	-40.000	44.000
24.000	-2.000	34.000

// nullstudy94
// Subjects=10
-32.000	10.000	30.000

// nullstudy95
// Subjects=20
30.000	-76.000	-28.000
24.000	50.000	-6.000
-46.000	8.000	0.000
-26.000	6.000	0.000
-36.000	-44.000	-22.000
20.000	-100.000	-10.000
-58.000	-34.000	-12.000
2.000	-28.000	-14.000
-12.000	-68.000	30.000
62.000	-54.000	-8.000
16.000	12.000	-38.000
64.000	-36.000	36.000
-32.000	-38.000	-30.000
6.000	26.000	30.000
-54.000	-8.000	36.000
70.000	-30.000	-2.000
-14.000	16.000	30.000
-22.000	38.000	28.000
-56.000	30.000	0.000
-28.000	2.000	6.000
-62.000	-8.000	0.000
6.000	-46.000	-64.000
-60.000	-2.000	-2.000
-24.000	-20.000	16.000
28.000	-48.000	0.000
-20.000	-46.000	60.000

// nullstudy96
// Subjects=8
-20.000	34.000	50.000
28.000	-98.000	14.000
-32.000	-20.000	46.000
-52.000	-66.000	4.000
42.000	10.000	-36.000
-18.000	-40.000	-26.000
-54.000	-42.000	6.000
-36.000	-48.000	62.000
-20.000	-30.000	-18.000
-36.000	-12.000	34.000
-2.000	-32.000	-26.000
12.000	-26.000	-12.000
-44.000	22.000	-8.000
-6.000	66.000	10.000
44.000	-46.000	0.000
2.000	-16.000	-2.000
60.000	-2.000	28.000
16.000	-60.000	46.000
54.000	6.000	48.000
28.000	-88.000	18.000
-4.000	8.000	72.000
-42.000	-42.000	-22.000
-30.000	-32.000	72.000
-16.000	-42.000	38.000
-36.000	52.000	10.000
-50.000	-48.000	-6.000
18.000	0.000	8.000
-26.000	-20.000	-20.000
-6.000	-90.000	-34.000
64.000	-6.000	16.000
26.000	34.000	34.000
-18.000	30.000	6.000
30.000	-14.000	-30.000
60.000	2.000	18.000
40.000	-14.000	16.000
64.000	-48.000	26.000
38.000	-80.000	-20.000

// nullstudy97
// Subjects=50
-50.000	34.000	-2.000
38.000	6.000	48.000
46.000	50.000	-2.000
10.000	-50.000	76.000

// nullstudy98
// Subjects=31
22.000	-28.000	-24.000
-60.000	2.000	-20.000
-26.000	-14.000	48.000
12.000	-36.000	48.000
38.000	28.000	52.000
28.000	2.000	66.000
8.000	-18.000	-42.000
-28.000	20.000	18.000
-52.000	16.000	-6.000
16.000	14.000	-16.000
-28.000	-72.000	-34.000
-48.000	-26.000	48.000

// nullstudy99
// Subjects=37
-26.000	-6.000	28.000
22.000	64.000	-8.000
-12.000	-86.000	-12.000
16.000	-100.000	14.000
-8.000	-44.000	-36.000
16.000	4.000	20.000
-18.000	62.000	18.000
-58.000	2.000	-32.000
-8.000	-46.000	4.000
-44.000	18.000	10.000
42.000	-46.000	-8.000
30.000	-72.000	-6.000
-10.000	70.000	-4.000
14.000	-80.000	-8.000
30.000	-54.000	50.000

// nullstudy100
// Subjects=17
-20.000	-60.000	16.000
-18.000	-68.000	32.000
4.000	-34.000	28.000
-48.000	38.000	22.000
50.000	18.000	14.000

// nullstudy101
// Subjects=28
-40.000	8.000	0.000
46.000	-22.000	36.000
36.000	22.000	-18.000

// nullstudy102
// Subjects=14
-18.000	-30.000	68.000
50.000	-50.000	50.000
10.000	-64.000	50.000
-50.000	-72.000	-38.000
-20.000	-8.000	4.000
-34.000	-74.000	8.000
0.000	46.000	50.000
60.000	-58.000	-8.000
22.000	-68.000	16.000
-44.000	-42.000	-16.000
-20.000	8.000	48.000
-16.000	-18.000	40.000

// nullstudy103
// Subjects=18
-6.000	44.000	18.000
-32.000	-36.000	-8.000
-10.000	-78.000	-2.000
54.000	6.000	22.000

// nullstudy104
// Subjects=29
-36.000	22.000	18.000
8.000	-90.000	-18.000
0.000	32.000	-20.000
30.000	-10.000	12.000
-12.000	-48.000	64.000
-6.000	-56.000	-20.000
12.000	-20.000	36.000
2.000	-28.000	-8.000
-44.000	-42.000	-22.000
-12.000	-72.000	32.000
30.000	-46.000	74.000
24.000	34.000	24.000
-12.000	-62.000	-26.000
34.000	-50.000	44.000
-2.000	-48.000	-38.000
-48.000	-74.000	-34.000
-28.000	-12.000	32.000
58.000	-66.000	26.000

// nullstudy105
// Subjects=25
14.000	46.000	-12.000
-50.000	12.000	18.000
-14.000	4.000	-32.000
52.000	-52.000	-20.000
-42.000	-90.000	8.000
42.000	-12.000	38.000
16.000	32.000	-8.000
0.000	52.000	-8.000
-68.000	-48.000	4.000
-30.000	12.000	-44.000
12.000	68.000	24.000
8.000	-58.000	42.000
12.000	26.000	-18.000
16.000	26.000	44.000
6.000	-78.000	-16.000
38.000	-28.000	64.000
-28.000	-14.000	12.000
-40.000	22.000	16.000

// nullstudy106
// Subjects=14
-40.000	-56.000	48.000
-2.000	10.000	66.000
2.000	-82.000	-12.000
58.000	-16.000	-16.000
56.000	6.000	22.000
-32.000	-80.000	-50.000
24.000	6.000	-44.000
-26.000	-38.000	20.000
32.000	-12.000	54.000
46.000	-6.000	22.000
-6.000	-96.000	-8.000
-28.000	-24.000	38.000
-12.000	62.000	28.000
-42.000	-64.000	12.000
-30.000	-80.000	-42.000
42.000	52.000	6.000
6.000	-52.000	-62.000
-46.000	-40.000	16.000
-68.000	-20.000	-16.000

// nullstudy107
// Subjects=20
-26.000	26.000	22.000
-10.000	34.000	38.000
42.000	-16.000	-38.000
-52.000	6.000	2.000
32.000	-58.000	22.000
56.000	2.000	-26.000
30.000	-70.000	30.000
-24.000	-38.000	-20.000
0.000	12.000	54.000
38.000	-72.000	-50.000
46.000	-10.000	20.000
40.000	-68.000	8.000
22.000	-48.000	0.000
22.000	-42.000	6.000
-18.000	4.000	24.000
46.000	16.000	38.000
-32.000	58.000	22.000
-52.000	18.000	-18.000
10.000	-10.000	46.000
12.000	42.000	34.000
-40.000	-68.000	-22.000
22.000	-62.000	18.000
-10.000	-66.000	44.000
18.000	-46.000	-22.000
30.000	56.000	18.000
2.000	-58.000	46.000

// nullstudy108
// Subjects=30
-66.000	-32.000	26.000
-26.000	50.000	-6.000
-26.000	-34.000	-32.000
-50.000	-18.000	18.000
-44.000	-32.000	2.000
-22.000	-60.000	-18.000
14.000	-2.000	36.000

// nullstudy109
// Subjects=14
-2.000	-34.000	4.000
38.000	10.000	14.000
-8.000	-38.000	-32.000

// nullstudy110
// Subjects=47
-14.000	14.000	-26.000

// nullstudy111
// Subjects=29
40.000	34.000	-10.000
-10.000	-18.000	72.000
-24.000	-20.000	-30.000
-14.000	-14.000	-12.000

// nullstudy112
// Subjects=12
6.000	-26.000	-18.000
10.000	-62.000	-14.000
-24.000	-18.000	6.000
22.000	-16.000	70.000
-46.000	-66.000	0.000
32.000	-66.000	-52.000
-18.000	-6.000	58.000
-12.000	-32.000	52.000

// nullstudy113
// Subjects=16
-24.000	-50.000	28.000
-24.000	34.000	30.000
2.000	-12.000	-30.000
-48.000	36.000	12.000
10.000	-6.000	6.000
50.000	16.000	0.000
-14.000	-4.000	-14.000

// nullstudy114
// Subjects=20
32.000	-44.000	14.000
20.000	-6.000	18.000
-52.000	4.000	10.000
48.000	-78.000	-12.000
0.000	14.000	32.000
26.000	-20.000	-30.000
-50.000	-48.000	10.000

// nullstudy115
// Subjects=13
24.000	-28.000	60.000
14.000	-22.000	16.000
28.000	-18.000	50.000
8.000	70.000	18.000
14.000	24.000	20.000
-26.000	-34.000	-34.000
18.000	-12.000	70.000
-16.000	62.000	30.000
24.000	-4.000	72.000
-14.000	-50.000	-58.000
-50.000	-56.000	8.000
12.000	24.000	16.000

// nullstudy116
// Subjects=18
16.000	-24.000	36.000
-58.000	-14.000	12.000
-40.000	-60.000	12.000
-28.000	56.000	12.000
-10.000	16.000	8.000
38.000	20.000	-42.000
-26.000	-48.000	-54.000

// nullstudy117
// Subjects=29
22.000	-100.000	-14.000
30.000	44.000	36.000
12.000	22.000	62.000
-18.000	14.000	68.000
-18.000	-76.000	34.000
12.000	-4.000	56.000

// nullstudy118
// Subjects=25
38.000	26.000	28.000
-22.000	-66.000	-14.000
28.000	-2.000	20.000

// nullstudy119
// Subjects=37
2.000	-68.000	56.000
16.000	-32.000	-10.000
18.000	-4.000	-18.000
-8.000	42.000	24.000
16.000	-6.000	-12.000

// nullstudy120
// Subjects=48
28.000	-66.000	-34.000
52.000	-40.000	6.000
42.000	10.000	12.000
-62.000	-64.000	2.000
-14.000	-42.000	80.000
58.000	20.000	20.000
-38.000	14.000	-10.000
-38.000	-22.000	36.000
-48.000	-12.000	-6.000
14.000	-22.000	-22.000
20.000	-16.000	52.000

// nullstudy121
// Subjects=33
10.000	36.000	18.000
32.000	-12.000	18.000
48.000	-6.000	16.000

// nullstudy122
// Subjects=10
-20.000	56.000	24.000
-20.000	-76.000	44.000
32.000	-62.000	-12.000
-14.000	-6.000	-2.000
24.000	-74.000	-6.000
24.000	30.000	-12.000
-14.000	-66.000	60.000
16.000	18.000	0.000
-56.000	-32.000	-22.000
-20.000	-94.000	32.000
0.000	-50.000	-54.000
-50.000	-50.000	28.000
-10.000	-48.000	-24.000
16.000	-12.000	38.000
62.000	-12.000	10.000
22.000	-50.000	-42.000
-10.000	-92.000	-30.000
0.000	-100.000	10.000
2.000	-50.000	-60.000
36.000	-40.000	-48.000
38.000	10.000	24.000
-48.000	-72.000	-2.000
42.000	-68.000	-42.000
-6.000	-18.000	38.000
4.000	-84.000	-34.000
24.000	42.000	46.000

// nullstudy123
// Subjects=13
8.000	-10.000	32.000
-12.000	-46.000	-56.000
30.000	46.000	36.000
-16.000	-6.000	8.000
-22.000	-82.000	-24.000
8.000	24.000	28.000

// nullstudy124
// Subjects=12
-2.000	-88.000	-10.000
-10.000	-88.000	2.000
38.000	-56.000	-2.000
-44.000	44.000	0.000
-44.000	-38.000	22.000
12.000	-50.000	-48.000
8.000	-38.000	80.000

// nullstudy125
// Subjects=35
-12.000	-4.000	20.000
18.000	-56.000	40.000
28.000	-58.000	-58.000

// nullstudy126
// Subjects=15
60.000	10.000	0.000
-30.000	28.000	-14.000
-26.000	46.000	38.000
28.000	-20.000	28.000
12.000	48.000	14.000

// nullstudy127
// Subjects=19
50.000	-72.000	26.000
-8.000	56.000	42.000

// nullstudy128
// Subjects=17
-12.000	-66.000	-14.000
-6.000	-28.000	-42.000
46.000	-24.000	60.000
6.000	-2.000	60.000
0.000	8.000	6.000
-32.000	-60.000	14.000
-26.000	-20.000	20.000
-10.000	0.000	44.000
30.000	12.000	-40.000
6.000	-48.000	-68.000
26.000	24.000	52.000
-46.000	18.000	24.000
-14.000	-40.000	-16.000
-4.000	-56.000	42.000
-20.000	-16.000	36.000
28.000	42.000	-18.000
70.000	-28.000	-16.000
-2.000	-100.000	2.000
16.000	12.000	34.000
40.000	-62.000	4.000
8.000	28.000	24.000
-50.000	-66.000	-16.000
30.000	-18.000	36.000
42.000	22.000	-26.000
6.000	-86.000	-4.000
48.000	-24.000	36.000
-34.000	-64.000	16.000
22.000	-62.000	28.000
40.000	-50.000	18.000
-12.000	-22.000	-32.000
60.000	-26.000	18.000
10.000	52.000	26.000
30.000	42.000	0.000
-4.000	8.000	-2.000
30.000	2.000	-50.000
52.000	-16.000	6.000
54.000	-62.000	40.000

// nullstudy129
// Subjects=14
38.000	32.000	20.000
-30.000	-92.000	12.000
10.000	-68.000	-38.000
2.000	30.000	-24.000
-22.000	-32.000	-24.000
-14.000	-44.000	4.000
6.000	50.000	24.000

// nullstudy130
// Subjects=13
-32.000	-8.000	50.000
-38.000	-36.000	-16.000
40.000	0.000	52.000
-56.000	-18.000	36.000

// nullstudy131
// Subjects=18
-14.000	38.000	-28.000
-70.000	-30.000	-4.000
-42.000	-22.000	-8.000
-58.000	-20.000	-18.000

// nullstudy132
// Subjects=19
-64.000	-22.000	10.000
12.000	28.000	42.000
38.000	-4.000	-12.000
-18.000	-10.000	32.000
-6.000	-68.000	-4.000

// nullstudy133
// Subjects=14
24.000	16.000	26.000
-14.000	0.000	-6.000
58.000	-36.000	-22.000
18.000	40.000	50.000
16.000	-38.000	70.000
34.000	-88.000	10.000
14.000	-44.000	28.000
-34.000	-4.000	38.000
8.000	-80.000	-40.000
-44.000	-10.000	38.000
36.000	-68.000	30.000
18.000	-42.000	50.000
-34.000	-38.000	58.000

// nullstudy134
// Subjects=21
10.000	12.000	-22.000
50.000	26.000	10.000
-44.000	-42.000	-44.000
-4.000	-56.000	-14.000
54.000	-54.000	-42.000
8.000	-72.000	16.000
-12.000	8.000	34.000
-38.000	50.000	-14.000
32.000	60.000	14.000
8.000	-30.000	48.000
-42.000	-4.000	46.000
-36.000	-94.000	-14.000
-28.000	-70.000	50.000

// nullstudy135
// Subjects=25
-12.000	-76.000	10.000
-46.000	30.000	-6.000
-30.000	22.000	4.000
8.000	-6.000	10.000
46.000	-14.000	6.000
-32.000	-64.000	12.000
26.000	-56.000	-10.000
-16.000	-22.000	46.000
-4.000	20.000	26.000

// nullstudy136
// Subjects=27
-24.000	60.000	-2.000
-4.000	-16.000	-14.000
48.000	-16.000	-28.000
12.000	-84.000	10.000

// nullstudy137
// Subjects=13
-20.000	-64.000	-34.000
54.000	-50.000	28.000
-14.000	-40.000	-36.000
-30.000	-14.000	30.000
18.000	2.000	-18.000
28.000	-68.000	-16.000

// nullstudy138
// Subjects=31
22.000	48.000	10.000
-24.000	-10.000	20.000
22.000	-56.000	72.000
-18.000	-16.000	6.000
-12.000	-94.000	-8.000
-24.000	40.000	0.000
-58.000	-16.000	-30.000
-58.000	-42.000	16.000

// nullstudy139
// Subjects=30
-44.000	-4.000	2.000
-8.000	-74.000	12.000
-10.000	-64.000	46.000
-22.000	-60.000	10.000
-62.000	-4.000	14.000
6.000	52.000	-2.000
-14.000	-64.000	64.000

// nullstudy140
// Subjects=15
38.000	-76.000	30.000
2.000	46.000	14.000
-18.000	26.000	-2.000

// nullstudy141
// Subjects=15
20.000	-4.000	34.000
-56.000	28.000	10.000

// nullstudy142
// Subjects=17
-56.000	-64.000	-12.000
-44.000	-54.000	52.000
64.000	-60.000	-2.000
-40.000	-90.000	10.000

// nullstudy143
// Subjects=30
-46.000	-18.000	-14.000
-8.000	-42.000	36.000
60.000	22.000	8.000
-6.000	14.000	-22.000
18.000	10.000	46.000
-20.000	-86.000	46.000
16.000	-74.000	6.000
-22.000	14.000	58.000
12.000	-40.000	34.000
-34.000	-14.000	18.000
-46.000	-18.000	62.000
52.000	-76.000	6.000

// nullstudy144
// Subjects=30
-20.000	-68.000	42.000
-26.000	-10.000	40.000
36.000	2.000	-22.000
6.000	34.000	-20.000
-30.000	-58.000	30.000
-14.000	-56.000	46.000
-8.000	-64.000	44.000
-52.000	-50.000	22.000
18.000	-8.000	48.000
-16.000	-6.000	-4.000
-6.000	-8.000	4.000
-66.000	-36.000	-6.000
6.000	32.000	-2.000
-18.000	68.000	2.000
-2.000	-40.000	74.000
12.000	-58.000	-30.000
-2.000	-76.000	24.000
-26.000	-78.000	12.000
-18.000	-32.000	28.000
-6.000	-28.000	50.000
-6.000	-20.000	-8.000
24.000	-48.000	-28.000
-12.000	-60.000	-42.000
-44.000	-54.000	-10.000
-2.000	2.000	52.000
2.000	-74.000	18.000

// nullstudy145
// Subjects=16
-42.000	-90.000	-8.000
-30.000	20.000	18.000
-34.000	-66.000	-58.000

// nullstudy146
// Subjects=21
-22.000	-90.000	-14.000
24.000	16.000	42.000
44.000	-16.000	14.000
-10.000	8.000	30.000
6.000	-28.000	18.000
30.000	26.000	-28.000
2.000	-22.000	-44.000
68.000	-38.000	18.000
8.000	-62.000	-54.000
12.000	-16.000	52.000

// nullstudy147
// Subjects=15
58.000	-64.000	26.000
-2.000	24.000	-12.000

// nullstudy148
// Subjects=15
-12.000	-74.000	-12.000
-20.000	-78.000	8.000
-20.000	-78.000	24.000

// nullstudy149
// Subjects=20
-6.000	-26.000	-6.000
44.000	-44.000	-4.000
-30.000	12.000	22.000

// nullstudy150
// Subjects=15
-34.000	8.000	26.000
12.000	24.000	-12.000
-42.000	-44.000	-8.000
-8.000	10.000	-28.000

// nullstudy151
// Subjects=15
34.000	58.000	-8.000
-22.000	-6.000	26.000
68.000	-44.000	22.000
-4.000	-68.000	28.000
24.000	-76.000	32.000

// nullstudy152
// Subjects=19
20.000	48.000	40.000
-38.000	24.000	18.000
-28.000	-76.000	-18.000
-62.000	-22.000	18.000
-48.000	26.000	30.000
-50.000	2.000	-20.000
18.000	50.000	16.000

// nullstudy153
// Subjects=15
-6.000	8.000	8.000
-32.000	6.000	52.000
-14.000	-32.000	46.000
30.000	24.000	-16.000
-18.000	-4.000	34.000
20.000	-82.000	-10.000
-40.000	-6.000	64.000
22.000	-46.000	-10.000

// nullstudy154
// Subjects=14
-30.000	-70.000	8.000
-28.000	46.000	-6.000
-22.000	-20.000	-8.000
-36.000	18.000	-4.000
48.000	-78.000	30.000
-14.000	-72.000	54.000
-38.000	20.000	26.000
58.000	-44.000	26.000

// nullstudy155
// Subjects=37
-52.000	-20.000	28.000
6.000	-84.000	16.000
-26.000	-26.000	50.000
-10.000	-54.000	34.000
38.000	48.000	-6.000
62.000	-16.000	-2.000
12.000	-70.000	-30.000
30.000	2.000	12.000
56.000	-52.000	6.000
6.000	-68.000	52.000

// nullstudy156
// Subjects=17
-50.000	12.000	12.000
14.000	0.000	-6.000
52.000	-50.000	44.000
-16.000	-8.000	-8.000
64.000	-20.000	22.000
-6.000	-8.000	4.000
16.000	-20.000	70.000
-8.000	-68.000	-42.000
-26.000	32.000	-6.000
22.000	12.000	-40.000
36.000	0.000	38.000
0.000	58.000	2.000
-30.000	-54.000	14.000

// nullstudy157
// Subjects=12
-22.000	12.000	-2.000
-28.000	-76.000	10.000
20.000	-2.000	0.000
22.000	-14.000	-26.000
4.000	14.000	38.000

// nullstudy158
// Subjects=17
20.000	28.000	-2.000
-50.000	32.000	12.000
46.000	44.000	26.000
2.000	-70.000	-12.000
-48.000	24.000	-16.000
42.000	14.000	12.000
62.000	-28.000	2.000

// nullstudy159
// Subjects=13
-52.000	10.000	-36.000
-14.000	-70.000	10.000
36.000	-74.000	-12.000
48.000	26.000	6.000
-12.000	-28.000	66.000
-22.000	32.000	46.000
62.000	-52.000	10.000
0.000	16.000	-6.000
8.000	-14.000	-2.000
-32.000	-44.000	24.000
68.000	-22.000	28.000
-8.000	-78.000	-42.000
52.000	6.000	-6.000
36.000	-14.000	-8.000
8.000	38.000	28.000

// nullstudy160
// Subjects=14
46.000	-84.000	-14.000
-4.000	18.000	-22.000
-6.000	26.000	-26.000
30.000	-68.000	20.000
50.000	-26.000	20.000
14.000	48.000	2.000
-68.000	-40.000	-14.000
20.000	44.000	32.000

// nullstudy161
// Subjects=12
-42.000	-88.000	0.000
-34.000	6.000	4.000
-46.000	-34.000	24.000

// nullstudy162
// Subjects=15
0.000	-20.000	70.000
-52.000	-4.000	-8.000
2.000	56.000	40.000

// nullstudy163
// Subjects=20
-38.000	-74.000	-12.000
34.000	-60.000	44.000
30.000	-58.000	-28.000
28.000	-30.000	-22.000
22.000	18.000	6.000
44.000	28.000	32.000
10.000	0.000	12.000
-34.000	-48.000	16.000
-14.000	18.000	36.000
4.000	-94.000	8.000
-28.000	-2.000	-30.000
26.000	50.000	-12.000
-2.000	-66.000	58.000

// nullstudy164
// Subjects=25
-18.000	-84.000	-16.000
26.000	-32.000	52.000
-8.000	-54.000	10.000

// nullstudy165
// Subjects=30
20.000	-42.000	26.000
-52.000	-36.000	4.000
52.000	0.000	38.000
-22.000	-52.000	58.000
36.000	-14.000	-30.000
-18.000	-22.000	-10.000
-16.000	-30.000	26.000
6.000	-22.000	32.000
18.000	28.000	0.000
46.000	-44.000	60.000
64.000	0.000	-24.000
2.000	-80.000	-32.000
46.000	-82.000	8.000
-22.000	-34.000	54.000
54.000	-54.000	20.000
42.000	6.000	36.000
14.000	-44.000	-42.000

// nullstudy166
// Subjects=30
-28.000	-48.000	54.000
-34.000	-70.000	-26.000
-6.000	-70.000	-30.000
-36.000	-90.000	-12.000
52.000	-66.000	-42.000
46.000	24.000	-8.000
48.000	6.000	50.000
22.000	12.000	46.000
-68.000	-28.000	20.000
-68.000	-42.000	12.000
8.000	68.000	-6.000
6.000	-94.000	12.000
-48.000	-36.000	-26.000
-44.000	-58.000	40.000
12.000	-46.000	-12.000
-34.000	24.000	0.000
-14.000	-2.000	-42.000
-44.000	-12.000	58.000

// nullstudy167
// Subjects=14
20.000	-64.000	24.000
-42.000	-42.000	-22.000
12.000	36.000	54.000
-66.000	-38.000	-14.000
-30.000	14.000	24.000

// nullstudy168
// Subjects=15
-16.000	40.000	20.000
-8.000	-94.000	-14.000
-6.000	-86.000	8.000
10.000	-6.000	60.000

// nullstudy169
// Subjects=28
34.000	-54.000	46.000
-16.000	-52.000	-38.000
36.000	-44.000	52.000
-34.000	46.000	-4.000
-22.000	-46.000	-22.000

// nullstudy170
// Subjects=15
44.000	-66.000	18.000
22.000	4.000	-42.000
16.000	-48.000	-8.000
-10.000	-10.000	28.000
-4.000	-56.000	2.000
-50.000	28.000	-4.000

// nullstudy171
// Subjects=29
26.000	-62.000	32.000
-16.000	-50.000	-30.000
26.000	-54.000	64.000
22.000	-68.000	66.000

// nullstudy172
// Subjects=31
16.000	46.000	50.000
66.000	-30.000	36.000
-6.000	-42.000	46.000
-16.000	-82.000	44.000
0.000	-44.000	72.000

// nullstudy173
// Subjects=15
-28.000	10.000	38.000
24.000	16.000	16.000

// nullstudy174
// Subjects=20
-30.000	-46.000	-6.000
-2.000	-2.000	12.000

// nullstudy175
// Subjects=28
48.000	-4.000	-36.000
-36.000	18.000	-38.000
-20.000	38.000	54.000
-14.000	58.000	-16.000
-48.000	12.000	2.000

// nullstudy176
// Subjects=18
-12.000	-36.000	-44.000

// nullstudy177
// Subjects=14
-6.000	-92.000	12.000
42.000	-8.000	-34.000
48.000	-46.000	-16.000
-22.000	-90.000	-20.000
0.000	-52.000	38.000
-24.000	-56.000	10.000
-50.000	-50.000	2.000
-34.000	-82.000	28.000
6.000	34.000	-6.000
30.000	-28.000	74.000
54.000	2.000	50.000
-54.000	-56.000	22.000

// nullstudy178
// Subjects=18
-48.000	4.000	-8.000
16.000	36.000	-24.000
44.000	-80.000	20.000
-10.000	42.000	36.000
28.000	8.000	-16.000

// nullstudy179
// Subjects=30
22.000	48.000	-14.000
-32.000	22.000	-2.000
44.000	-56.000	54.000
6.000	-52.000	42.000
-6.000	-64.000	-56.000
-34.000	-70.000	-30.000
36.000	-48.000	-42.000
-42.000	10.000	-24.000
-18.000	-8.000	34.000
2.000	-60.000	32.000
-64.000	-44.000	38.000
-6.000	62.000	-14.000
-14.000	-50.000	16.000
-8.000	-92.000	6.000
12.000	36.000	-10.000
26.000	-38.000	6.000
-24.000	-42.000	50.000
18.000	8.000	-12.000
52.000	-68.000	-10.000
-16.000	52.000	14.000

// nullstudy180
// Subjects=28
32.000	-20.000	36.000
-18.000	-68.000	6.000
-48.000	-26.000	-12.000
40.000	-8.000	40.000
-54.000	-32.000	-12.000
46.000	24.000	-8.000
44.000	4.000	-2.000
-38.000	-38.000	12.000
-56.000	-32.000	-24.000
-24.000	-22.000	60.000
20.000	-66.000	-14.000
-52.000	4.000	50.000
-16.000	-72.000	52.000
-44.000	-62.000	-8.000
44.000	0.000	42.000
-2.000	-74.000	24.000
40.000	-66.000	-58.000

// nullstudy181
// Subjects=17
38.000	-20.000	36.000
-16.000	6.000	-8.000
-20.000	-40.000	48.000

// nullstudy182
// Subjects=18
-32.000	-46.000	2.000
44.000	-30.000	36.000
-42.000	-38.000	26.000
14.000	-12.000	78.000

// nullstudy183
// Subjects=25
-42.000	-76.000	30.000
-12.000	22.000	46.000
52.000	20.000	30.000
-58.000	8.000	10.000
-36.000	-72.000	6.000
-14.000	-72.000	-40.000
40.000	-48.000	30.000
-32.000	-2.000	16.000
24.000	24.000	-20.000
-36.000	22.000	12.000
4.000	-28.000	28.000
54.000	-52.000	4.000
46.000	-70.000	16.000
6.000	-100.000	6.000
2.000	-68.000	52.000
26.000	16.000	22.000
-32.000	-68.000	-30.000

// nullstudy184
// Subjects=20
8.000	26.000	22.000
30.000	2.000	-28.000
-20.000	-36.000	2.000
-46.000	36.000	16.000
50.000	-8.000	46.000
-44.000	-88.000	2.000
22.000	20.000	24.000
-52.000	-50.000	36.000
10.000	-56.000	0.000
32.000	40.000	22.000
52.000	16.000	44.000
14.000	-36.000	-8.000
30.000	-56.000	30.000
-68.000	-38.000	-4.000

// nullstudy185
// Subjects=27
-34.000	-6.000	28.000
8.000	-38.000	-34.000
50.000	-60.000	-40.000
42.000	-46.000	56.000
22.000	-50.000	10.000
30.000	-16.000	50.000
48.000	-50.000	44.000
-52.000	-76.000	8.000
38.000	26.000	44.000
-12.000	-46.000	58.000
12.000	-38.000	2.000
-58.000	-32.000	28.000
10.000	8.000	6.000

// nullstudy186
// Subjects=13
8.000	-68.000	-50.000
-46.000	-48.000	-32.000

// nullstudy187
// Subjects=14
-30.000	42.000	4.000
66.000	-32.000	22.000
-40.000	-76.000	46.000

// nullstudy188
// Subjects=14
36.000	20.000	-32.000
-64.000	-20.000	8.000
-38.000	-44.000	12.000
-24.000	-26.000	44.000
10.000	-54.000	26.000
-38.000	-18.000	38.000
46.000	-18.000	8.000
-32.000	-42.000	-4.000
-26.000	8.000	10.000
-4.000	-86.000	24.000
48.000	-72.000	34.000
38.000	4.000	38.000
-16.000	-48.000	56.000
54.000	-36.000	46.000
2.000	30.000	-10.000
52.000	-34.000	2.000
-46.000	-50.000	40.000

// nullstudy189
// Subjects=34
4.000	-42.000	-10.000
-12.000	-92.000	10.000
58.000	-46.000	26.000
-12.000	-66.000	-2.000
52.000	-18.000	6.000
-34.000	22.000	-20.000
-48.000	-44.000	-44.000
-6.000	48.000	-8.000
-24.000	-2.000	56.000
20.000	48.000	-6.000
26.000	-42.000	-46.000
-18.000	24.000	14.000

// nullstudy190
// Subjects=12
20.000	10.000	70.000
20.000	-36.000	-22.000
-52.000	-46.000	50.000
-12.000	24.000	34.000
20.000	-40.000	36.000
-32.000	-84.000	8.000
56.000	-44.000	20.000

// nullstudy191
// Subjects=28
-56.000	10.000	26.000
2.000	50.000	-20.000
32.000	2.000	38.000
38.000	-36.000	58.000
-20.000	-34.000	74.000
-20.000	-18.000	30.000
40.000	-28.000	36.000
34.000	20.000	-40.000
6.000	-38.000	78.000
-28.000	-64.000	-36.000
-40.000	42.000	-8.000
14.000	-64.000	-10.000
4.000	-6.000	6.000
-22.000	30.000	-4.000
-20.000	60.000	24.000
18.000	-44.000	-42.000
56.000	-38.000	-18.000
-14.000	48.000	30.000

// nullstudy192
// Subjects=13
-38.000	-68.000	18.000
-8.000	32.000	30.000
-46.000	-24.000	-14.000
-50.000	-44.000	30.000
-24.000	-16.000	56.000
-22.000	-62.000	10.000
-16.000	-88.000	10.000
56.000	-4.000	16.000
52.000	-10.000	-4.000

// nullstudy193
// Subjects=28
38.000	-70.000	46.000

// nullstudy194
// Subjects=13
-22.000	16.000	-16.000
-22.000	-52.000	28.000
-18.000	-4.000	40.000
0.000	-12.000	20.000
-4.000	-50.000	72.000
44.000	-78.000	-36.000
-2.000	-72.000	2.000
24.000	-78.000	12.000

// nullstudy195
// Subjects=23
-32.000	12.000	-20.000
-20.000	-104.000	-10.000
42.000	18.000	-14.000
16.000	0.000	30.000
-26.000	-70.000	4.000
-8.000	-58.000	10.000
6.000	-32.000	-14.000

// nullstudy196
// Subjects=28
42.000	-44.000	56.000
-34.000	12.000	28.000

// nullstudy197
// Subjects=19
30.000	66.000	6.000
64.000	-24.000	-26.000
-6.000	-82.000	-24.000
-22.000	-22.000	-16.000
-40.000	4.000	10.000
64.000	-40.000	36.000
32.000	-80.000	-38.000
-54.000	-6.000	12.000
-6.000	16.000	16.000
-4.000	6.000	26.000
-42.000	-84.000	-6.000
-60.000	-20.000	-8.000
4.000	-68.000	48.000
42.000	-40.000	44.000
40.000	24.000	12.000

// nullstudy198
// Subjects=29
-14.000	30.000	-10.000
-42.000	-30.000	10.000
-14.000	16.000	66.000
14.000	-38.000	-2.000
-38.000	-2.000	0.000
-54.000	-28.000	52.000
20.000	-18.000	28.000

// nullstudy199
// Subjects=47
-12.000	-30.000	-26.000
-18.000	18.000	46.000
16.000	-12.000	40.000
52.000	-54.000	32.000
-14.000	-64.000	-42.000
-40.000	-58.000	-46.000
14.000	-18.000	-32.000
-62.000	-18.000	18.000
58.000	-20.000	-20.000
-36.000	-60.000	60.000
-20.000	-56.000	6.000
24.000	-12.000	10.000
18.000	-22.000	-6.000

// nullstudy200
// Subjects=29
-28.000	-24.000	0.000

// nullstudy201
// Subjects=50
-46.000	-64.000	12.000
2.000	-60.000	48.000

// nullstudy202
// Subjects=30
-40.000	2.000	46.000
-62.000	-30.000	12.000
-28.000	-52.000	-54.000

// nullstudy203
// Subjects=34
14.000	-34.000	26.000
40.000	16.000	-24.000
-28.000	-26.000	62.000
-6.000	62.000	-24.000
-38.000	-54.000	52.000
-14.000	28.000	50.000
-18.000	-42.000	0.000

// nullstudy204
// Subjects=13
-24.000	-72.000	56.000
0.000	-16.000	-42.000
44.000	-6.000	50.000
30.000	46.000	-2.000
-6.000	62.000	34.000
26.000	8.000	-30.000
58.000	-32.000	-24.000
10.000	34.000	26.000
-16.000	32.000	4.000
26.000	-44.000	20.000
-24.000	56.000	-12.000
38.000	-90.000	-2.000
0.000	36.000	30.000
38.000	-48.000	36.000
18.000	-54.000	-26.000
-24.000	-64.000	-40.000
-50.000	-46.000	-48.000
58.000	8.000	4.000
28.000	-70.000	6.000
-48.000	-4.000	22.000
26.000	40.000	32.000
-8.000	-40.000	-32.000
-8.000	-58.000	4.000
40.000	-6.000	32.000
-4.000	-36.000	74.000
-8.000	14.000	66.000

// nullstudy205
// Subjects=23
30.000	-14.000	60.000
-12.000	-72.000	-44.000
-4.000	-32.000	-2.000
-14.000	-46.000	18.000
-56.000	-38.000	20.000
28.000	0.000	-14.000
-28.000	-66.000	32.000
-22.000	-70.000	-8.000
-2.000	-34.000	24.000
-18.000	-64.000	54.000
-10.000	-86.000	-6.000
-28.000	40.000	26.000

// nullstudy206
// Subjects=27
-20.000	-34.000	-10.000
8.000	46.000	52.000
26.000	-94.000	18.000
-44.000	-30.000	6.000
14.000	-46.000	6.000

// nullstudy207
// Subjects=10
-68.000	-40.000	14.000
-22.000	-4.000	-16.000
-54.000	-54.000	-42.000
22.000	-64.000	58.000

// nullstudy208
// Subjects=13
-50.000	-14.000	2.000
48.000	-68.000	28.000
22.000	-22.000	58.000
20.000	40.000	44.000

// nullstudy209
// Subjects=29
-10.000	-2.000	56.000
18.000	-46.000	-18.000
-36.000	26.000	-22.000
-6.000	-48.000	-26.000

// nullstudy210
// Subjects=8
18.000	-10.000	-16.000
14.000	-8.000	-16.000
-24.000	-44.000	20.000

// nullstudy211
// Subjects=35
28.000	-48.000	-34.000
-62.000	-28.000	-4.000
20.000	-56.000	4.000
-6.000	-38.000	12.000
24.000	-78.000	-52.000

// nullstudy212
// Subjects=13
-62.000	-20.000	30.000
32.000	-12.000	58.000
-18.000	22.000	0.000
4.000	-46.000	40.000
-34.000	26.000	-12.000
40.000	-56.000	-28.000
26.000	-10.000	-26.000
16.000	30.000	46.000
22.000	8.000	20.000

// nullstudy213
// Subjects=15
4.000	20.000	48.000
42.000	46.000	6.000
48.000	30.000	-10.000
-46.000	-34.000	-8.000
2.000	-18.000	18.000
-2.000	12.000	18.000
-4.000	-54.000	-50.000
16.000	-18.000	64.000
-16.000	-68.000	-30.000
38.000	-38.000	42.000
-6.000	64.000	8.000
6.000	-44.000	44.000
56.000	-48.000	28.000

// nullstudy214
// Subjects=27
62.000	-6.000	-18.000
6.000	-68.000	-6.000
-36.000	-30.000	-24.000
-48.000	-8.000	22.000
12.000	-20.000	78.000

// nullstudy215
// Subjects=17
-8.000	50.000	-4.000
18.000	-56.000	40.000
32.000	36.000	30.000

// nullstudy216
// Subjects=8
-10.000	26.000	64.000
46.000	-84.000	-4.000
4.000	-60.000	8.000
34.000	-48.000	12.000
-38.000	-86.000	24.000

// nullstudy217
// Subjects=13
0.000	-14.000	8.000
-8.000	-38.000	34.000
-22.000	-8.000	-26.000
40.000	14.000	36.000
-10.000	-54.000	66.000
44.000	-70.000	-16.000
-16.000	8.000	56.000
22.000	58.000	28.000
-30.000	16.000	52.000

// nullstudy218
// Subjects=47
-36.000	58.000	2.000
62.000	-36.000	14.000
42.000	-68.000	-44.000
-28.000	14.000	10.000
44.000	-76.000	-38.000
-8.000	46.000	8.000
44.000	30.000	-2.000
-60.000	-4.000	16.000
-50.000	16.000	44.000
32.000	-48.000	-34.000
2.000	-56.000	-36.000
-8.000	2.000	22.000
8.000	18.000	16.000
-12.000	-98.000	-8.000
-32.000	-74.000	-56.000
42.000	26.000	38.000
-24.000	-50.000	-46.000
30.000	-12.000	52.000

// nullstudy219
// Subjects=14
2.000	-44.000	-42.000
44.000	26.000	-30.000
54.000	16.000	-22.000
-2.000	-50.000	-38.000
-48.000	-16.000	-28.000
-48.000	28.000	24.000
-42.000	-80.000	36.000
-28.000	64.000	-4.000
-54.000	-10.000	-36.000
50.000	-32.000	8.000
14.000	4.000	-4.000

// nullstudy220
// Subjects=17
64.000	-52.000	20.000
20.000	-20.000	66.000
34.000	38.000	2.000
-52.000	-20.000	-10.000
44.000	-60.000	36.000
48.000	-54.000	-16.000
2.000	-46.000	70.000
12.000	-20.000	44.000
18.000	-68.000	48.000
40.000	24.000	28.000
14.000	-56.000	-36.000
8.000	-8.000	24.000
-52.000	8.000	-4.000
-52.000	-16.000	26.000
46.000	24.000	36.000
46.000	28.000	32.000
-46.000	2.000	-42.000
30.000	-78.000	46.000
8.000	-8.000	76.000
-12.000	-52.000	6.000
-30.000	-72.000	44.000
-36.000	-90.000	22.000
-54.000	0.000	40.000
-32.000	-20.000	-26.000
-4.000	64.000	20.000
30.000	4.000	-48.000
-2.000	-104.000	4.000
20.000	56.000	34.000
32.000	-46.000	26.000
36.000	30.000	0.000
42.000	26.000	-16.000
-30.000	-60.000	52.000
-18.000	-14.000	18.000
38.000	-46.000	46.000
-16.000	-56.000	42.000
46.000	18.000	44.000
40.000	-36.000	42.000
-50.000	36.000	24.000
-38.000	-40.000	66.000
-32.000	-72.000	-14.000
36.000	56.000	-14.000
-60.000	-54.000	14.000
0.000	-12.000	-26.000
54.000	-54.000	-4.000
2.000	-32.000	54.000
36.000	-82.000	0.000
-6.000	-104.000	-6.000
24.000	-92.000	-12.000
28.000	16.000	32.000
2.000	0.000	64.000
-26.000	-28.000	-8.000
14.000	24.000	50.000
38.000	14.000	0.000

// nullstudy221
// Subjects=14
12.000	32.000	40.000
60.000	4.000	40.000
22.000	6.000	-22.000
30.000	-48.000	28.000
-40.000	-64.000	4.000
2.000	24.000	-4.000
-30.000	-68.000	-26.000
-40.000	-16.000	30.000
-16.000	-26.000	78.000
10.000	-4.000	42.000
-62.000	-10.000	-22.000
-52.000	-30.000	-6.000
-2.000	-64.000	6.000
-38.000	-2.000	40.000
-30.000	-88.000	-12.000

// nullstudy222
// Subjects=17
-34.000	-24.000	72.000
-32.000	0.000	36.000
40.000	-28.000	54.000
-10.000	-70.000	44.000
-32.000	24.000	-20.000

// nullstudy223
// Subjects=15
8.000	22.000	42.000
28.000	-16.000	6.000
16.000	42.000	22.000
-4.000	-92.000	26.000
46.000	-34.000	60.000

// nullstudy224
// Subjects=31
6.000	-44.000	52.000
32.000	-8.000	-10.000
-42.000	-44.000	34.000

// nullstudy225
// Subjects=17
-20.000	-74.000	54.000
6.000	-30.000	36.000
50.000	-8.000	-16.000
32.000	-82.000	-42.000
-50.000	-48.000	-12.000
-30.000	-80.000	-42.000
20.000	-92.000	-12.000
2.000	32.000	24.000
-20.000	24.000	4.000

// nullstudy226
// Subjects=13
8.000	54.000	-20.000
-16.000	-4.000	18.000
-48.000	4.000	-16.000
38.000	30.000	-10.000
-2.000	30.000	42.000
26.000	-50.000	64.000
14.000	2.000	-2.000
-34.000	-48.000	-6.000
28.000	38.000	34.000
18.000	-84.000	46.000

// nullstudy227
// Subjects=13
-16.000	-2.000	70.000
10.000	10.000	-16.000
-16.000	-36.000	-46.000
46.000	-48.000	14.000
50.000	-18.000	18.000

// nullstudy228
// Subjects=15
-34.000	-60.000	-46.000
48.000	8.000	-8.000
-4.000	30.000	26.000
40.000	-64.000	-48.000
4.000	-56.000	34.000
-48.000	-66.000	-24.000
62.000	0.000	10.000
42.000	16.000	-10.000
-54.000	-68.000	-16.000
-30.000	20.000	6.000
38.000	46.000	22.000
-20.000	-56.000	-36.000
32.000	28.000	-10.000
8.000	46.000	50.000
28.000	-36.000	-26.000
52.000	-78.000	-4.000
32.000	2.000	-2.000
-18.000	6.000	64.000
-26.000	-6.000	70.000

// nullstudy229
// Subjects=28
8.000	-54.000	56.000
46.000	0.000	2.000
-4.000	-62.000	-6.000
-24.000	-40.000	2.000
-12.000	-80.000	38.000

// nullstudy230
// Subjects=10
40.000	-26.000	-8.000
-16.000	-16.000	12.000
56.000	-38.000	28.000
-22.000	-78.000	-38.000

// nullstudy231
// Subjects=32
-10.000	54.000	28.000
-36.000	28.000	22.000
24.000	-22.000	-8.000
-20.000	-66.000	20.000
54.000	10.000	22.000
-6.000	4.000	50.000
-20.000	2.000	50.000
4.000	-94.000	18.000

// nullstudy232
// Subjects=20
-44.000	-30.000	40.000
56.000	-32.000	54.000
10.000	-6.000	-2.000
44.000	-2.000	-12.000
-4.000	-42.000	40.000
66.000	-28.000	-12.000
8.000	-74.000	-30.000
-12.000	-10.000	72.000
-14.000	-26.000	60.000
-48.000	-74.000	-12.000
44.000	-64.000	54.000
-48.000	38.000	-8.000
-20.000	2.000	-34.000
22.000	-46.000	-40.000
-52.000	-64.000	28.000
36.000	6.000	16.000
-14.000	-32.000	22.000
22.000	8.000	-6.000
18.000	-58.000	-54.000
2.000	-72.000	14.000
16.000	-46.000	-6.000
22.000	18.000	32.000
2.000	-42.000	-60.000
-46.000	-10.000	48.000
40.000	-16.000	58.000
18.000	18.000	28.000
30.000	-94.000	12.000
32.000	-78.000	28.000
0.000	-18.000	4.000
-50.000	-80.000	0.000
16.000	-56.000	-56.000
4.000	-48.000	-36.000
16.000	-64.000	-48.000
26.000	-24.000	40.000
-50.000	-18.000	-36.000
34.000	-16.000	-16.000
-12.000	-18.000	38.000

// nullstudy233
// Subjects=20
0.000	-4.000	6.000
0.000	-26.000	2.000
-36.000	-36.000	-10.000
64.000	-6.000	4.000

// nullstudy234
// Subjects=20
-2.000	-32.000	-34.000
56.000	-22.000	26.000
12.000	-52.000	-60.000

// nullstudy235
// Subjects=50
-46.000	-66.000	44.000
-18.000	-102.000	-4.000
-2.000	50.000	30.000
-52.000	22.000	22.000
-36.000	-84.000	22.000
-36.000	-38.000	12.000
40.000	2.000	-4.000
-4.000	-74.000	-16.000
26.000	40.000	-12.000
36.000	22.000	-18.000
-36.000	-46.000	-50.000
-38.000	32.000	2.000
20.000	-56.000	-44.000

// nullstudy236
// Subjects=29
18.000	0.000	52.000
-36.000	-26.000	22.000
8.000	-48.000	-30.000
50.000	-30.000	40.000
-54.000	-58.000	26.000
30.000	8.000	48.000
38.000	-24.000	16.000
2.000	22.000	-16.000
62.000	-30.000	-8.000
-32.000	-68.000	-46.000
8.000	-32.000	56.000
-10.000	-62.000	52.000

// nullstudy237
// Subjects=25
-2.000	-66.000	-12.000
30.000	-18.000	10.000
4.000	-76.000	-36.000
30.000	-16.000	58.000

// nullstudy238
// Subjects=14
-24.000	-50.000	-12.000
-28.000	-46.000	-28.000
18.000	-50.000	-8.000
22.000	12.000	26.000

// nullstudy239
// Subjects=18
18.000	44.000	48.000
-28.000	-58.000	-12.000
6.000	-92.000	-6.000
16.000	-56.000	-40.000
14.000	28.000	6.000
34.000	-54.000	30.000
-12.000	12.000	0.000
18.000	6.000	50.000
46.000	-78.000	30.000
-10.000	18.000	2.000
-18.000	-78.000	40.000
-44.000	-2.000	16.000
56.000	-28.000	6.000

// nullstudy240
// Subjects=17
-18.000	54.000	-12.000
-24.000	6.000	0.000
32.000	-58.000	-20.000

// nullstudy241
// Subjects=31
-30.000	-58.000	-62.000
16.000	-54.000	-18.000
18.000	70.000	12.000
-28.000	46.000	-16.000
-22.000	-20.000	30.000
-2.000	-24.000	-10.000
18.000	-46.000	38.000
-8.000	58.000	-8.000

// nullstudy242
// Subjects=33
20.000	2.000	44.000
18.000	28.000	40.000
-2.000	-58.000	-22.000
-56.000	-46.000	34.000
50.000	-32.000	32.000

// nullstudy243
// Subjects=7
-10.000	-20.000	-30.000
-46.000	50.000	12.000
18.000	-26.000	10.000
68.000	-42.000	30.000
-58.000	-68.000	6.000
14.000	-88.000	18.000
-38.000	-58.000	-4.000
30.000	-66.000	20.000

// nullstudy244
// Subjects=32
-32.000	-66.000	-2.000
26.000	-30.000	-20.000
18.000	-96.000	26.000
18.000	-30.000	70.000
-12.000	48.000	-22.000
-10.000	44.000	-10.000
52.000	22.000	-4.000
14.000	58.000	38.000

// nullstudy245
// Subjects=18
32.000	28.000	30.000
-32.000	-2.000	64.000
0.000	-14.000	0.000
14.000	-60.000	-54.000
-8.000	-54.000	70.000
48.000	-26.000	6.000
-8.000	-32.000	46.000
-34.000	-88.000	-28.000
-10.000	50.000	46.000
-22.000	50.000	-4.000
-40.000	18.000	-36.000
22.000	-8.000	-30.000
42.000	16.000	20.000
-34.000	-92.000	-16.000
-20.000	66.000	10.000
-64.000	-26.000	-6.000
32.000	-30.000	8.000
-4.000	-74.000	52.000
18.000	-42.000	34.000
6.000	-38.000	78.000
-44.000	-32.000	62.000
-14.000	-54.000	-40.000
30.000	12.000	60.000
-14.000	0.000	54.000
36.000	46.000	-4.000
-12.000	-78.000	46.000
34.000	-20.000	54.000
44.000	-32.000	14.000
-12.000	-60.000	-42.000
-54.000	-26.000	12.000
16.000	-6.000	4.000
50.000	-52.000	-6.000
28.000	-58.000	70.000
-18.000	60.000	20.000
-52.000	-50.000	26.000
-30.000	-2.000	8.000
-44.000	-46.000	-44.000
-58.000	-50.000	6.000
-38.000	-42.000	-32.000
44.000	-60.000	54.000
16.000	58.000	24.000
12.000	-42.000	74.000
-22.000	14.000	60.000
-12.000	-4.000	38.000
34.000	-28.000	62.000
14.000	-88.000	-36.000
14.000	-28.000	34.000
30.000	-6.000	14.000
32.000	46.000	24.000
52.000	-18.000	36.000
0.000	-24.000	32.000
-40.000	-30.000	0.000
-38.000	0.000	-40.000

// nullstudy246
// Subjects=16
-18.000	28.000	44.000
62.000	-20.000	22.000
64.000	-8.000	24.000
52.000	-12.000	34.000
-30.000	-70.000	4.000
50.000	4.000	-30.000
20.000	-10.000	38.000
-34.000	36.000	6.000
52.000	-42.000	-22.000
-32.000	40.000	42.000
34.000	-52.000	-36.000
16.000	12.000	6.000
-12.000	-30.000	28.000
-24.000	-78.000	-50.000
-38.000	-48.000	-6.000
-36.000	-92.000	-18.000
-6.000	-10.000	40.000
-34.000	34.000	12.000
-4.000	-88.000	8.000
36.000	18.000	-12.000
22.000	42.000	-16.000
44.000	38.000	20.000
14.000	-86.000	36.000
-12.000	52.000	40.000
-28.000	48.000	4.000
28.000	-88.000	30.000

// nullstudy247
// Subjects=28
50.000	8.000	30.000
30.000	-38.000	-44.000
20.000	-96.000	26.000
-14.000	38.000	6.000
-16.000	10.000	58.000
38.000	-68.000	-46.000
12.000	-38.000	76.000
-48.000	-16.000	16.000

// nullstudy248
// Subjects=17
18.000	-50.000	-8.000
14.000	-30.000	40.000
-30.000	-94.000	-8.000
10.000	-8.000	32.000
2.000	-74.000	-44.000
50.000	-22.000	56.000
-20.000	28.000	26.000
44.000	28.000	4.000
38.000	-38.000	-38.000
34.000	-80.000	-28.000
-6.000	-64.000	-18.000
16.000	32.000	22.000
56.000	-54.000	10.000

// nullstudy249
// Subjects=13
-54.000	24.000	-2.000
48.000	-64.000	30.000

// nullstudy250
// Subjects=17
-48.000	-66.000	-16.000
24.000	-52.000	48.000
22.000	-4.000	38.000
-32.000	28.000	-6.000
-36.000	-76.000	44.000
10.000	-34.000	54.000
8.000	-12.000	14.000
-28.000	-52.000	44.000
-48.000	-22.000	2.000
-2.000	18.000	-12.000
-18.000	62.000	-8.000
-30.000	-30.000	68.000
62.000	-4.000	-28.000
28.000	-54.000	52.000
-48.000	10.000	36.000
-16.000	0.000	54.000
-8.000	52.000	8.000
-38.000	38.000	10.000

// nullstudy251
// Subjects=30
12.000	38.000	-4.000
20.000	4.000	-28.000
-22.000	-62.000	36.000
-6.000	18.000	20.000
-36.000	-40.000	-28.000

// nullstudy252
// Subjects=18
30.000	-82.000	32.000
8.000	20.000	22.000

// nullstudy253
// Subjects=50
-14.000	-28.000	34.000
-48.000	12.000	-20.000
18.000	50.000	42.000

// nullstudy254
// Subjects=14
50.000	38.000	28.000
-14.000	-86.000	-16.000
-62.000	-52.000	0.000
-12.000	-28.000	34.000
62.000	-50.000	16.000
-24.000	16.000	-24.000
24.000	-46.000	-50.000
-8.000	-16.000	-44.000
38.000	-46.000	-34.000
-26.000	-70.000	38.000
-56.000	-34.000	-24.000
-34.000	-34.000	-10.000
40.000	-80.000	6.000
22.000	-12.000	22.000
-32.000	-60.000	2.000
-8.000	34.000	-26.000
24.000	-64.000	-48.000
-36.000	12.000	62.000
22.000	46.000	-16.000
-12.000	64.000	24.000
22.000	40.000	30.000
-58.000	-36.000	-26.000
28.000	-60.000	-20.000
-30.000	-24.000	8.000
48.000	-66.000	46.000
-16.000	-38.000	68.000
38.000	-2.000	-36.000
-22.000	-28.000	76.000
-20.000	58.000	20.000
16.000	-14.000	64.000
0.000	8.000	54.000
42.000	-60.000	2.000
-2.000	-40.000	-66.000
42.000	-12.000	50.000
-40.000	-36.000	-8.000
52.000	-54.000	14.000
42.000	-62.000	34.000
-16.000	-20.000	26.000
-60.000	-46.000	10.000
-28.000	6.000	-32.000
-66.000	-22.000	6.000
-12.000	-58.000	34.000
-56.000	-36.000	48.000
-50.000	20.000	12.000
12.000	8.000	-8.000
-12.000	-14.000	-10.000
-58.000	-22.000	-20.000
42.000	-4.000	42.000
36.000	10.000	-40.000
14.000	-62.000	44.000
22.000	-62.000	-12.000
-20.000	-4.000	54.000
56.000	-50.000	52.000

// nullstudy255
// Subjects=21
-32.000	42.000	36.000
-20.000	-92.000	28.000
-36.000	18.000	24.000
-54.000	24.000	20.000
10.000	50.000	0.000
-22.000	8.000	60.000
20.000	62.000	-8.000
0.000	-76.000	-32.000

// nullstudy256
// Subjects=29
24.000	64.000	4.000
-46.000	-48.000	-28.000
-28.000	26.000	-10.000
64.000	-22.000	-12.000
-64.000	-28.000	-22.000
-22.000	-90.000	-12.000
-10.000	-14.000	-26.000
0.000	-20.000	-6.000

// nullstudy257
// Subjects=25
0.000	46.000	-16.000
-50.000	14.000	16.000
54.000	-62.000	-2.000
6.000	-24.000	44.000
-30.000	-74.000	-8.000
40.000	-18.000	56.000
6.000	42.000	2.000
-46.000	-72.000	36.000
-42.000	22.000	-16.000
46.000	-52.000	42.000
14.000	-28.000	32.000
52.000	26.000	18.000
-30.000	-66.000	60.000

// nullstudy258
// Subjects=15
-34.000	-88.000	4.000
40.000	-4.000	28.000
-14.000	-6.000	56.000
-20.000	-100.000	-6.000

// nullstudy259
// Subjects=28
-48.000	-4.000	30.000
-42.000	16.000	-42.000
-14.000	-40.000	18.000
-26.000	-48.000	-28.000

// nullstudy260
// Subjects=47
40.000	-24.000	10.000
56.000	-6.000	-8.000
68.000	-6.000	16.000
-14.000	-52.000	22.000
42.000	-24.000	26.000
8.000	-40.000	66.000
-28.000	6.000	0.000
18.000	-16.000	56.000

// nullstudy261
// Subjects=30
26.000	48.000	40.000
-32.000	-84.000	-4.000
10.000	-50.000	32.000

// nullstudy262
// Subjects=48
-12.000	-76.000	-36.000
32.000	-64.000	-8.000
32.000	42.000	10.000
36.000	-14.000	12.000
-44.000	-62.000	-4.000
-6.000	20.000	22.000
40.000	-62.000	-18.000
10.000	-70.000	-28.000
6.000	12.000	-22.000
40.000	10.000	-42.000
56.000	-62.000	-4.000
-40.000	24.000	48.000
-16.000	-18.000	4.000
20.000	-24.000	-14.000
-30.000	-30.000	-24.000

// nullstudy263
// Subjects=8
34.000	-52.000	20.000
2.000	-18.000	-4.000
58.000	-14.000	-8.000
-12.000	-74.000	-38.000
40.000	28.000	48.000

// nullstudy264
// Subjects=13
2.000	24.000	38.000
38.000	-44.000	34.000
-68.000	-40.000	-14.000
26.000	4.000	12.000
-24.000	48.000	28.000
-22.000	2.000	36.000
32.000	-26.000	24.000
28.000	-38.000	62.000
46.000	-74.000	-2.000
-38.000	-58.000	20.000
-50.000	-82.000	8.000
16.000	-58.000	40.000
-42.000	-58.000	-46.000
-10.000	-70.000	60.000
30.000	-60.000	20.000
-36.000	-66.000	-54.000
8.000	54.000	36.000
-34.000	-26.000	-4.000
12.000	-48.000	38.000

// nullstudy265
// Subjects=25
-36.000	32.000	22.000
-30.000	42.000	0.000
-32.000	-92.000	22.000
-44.000	-22.000	2.000
-54.000	-8.000	34.000
60.000	-38.000	52.000
-44.000	-24.000	-18.000
50.000	-42.000	50.000

// nullstudy266
// Subjects=17
0.000	-66.000	-30.000
56.000	-16.000	-36.000
-48.000	-22.000	18.000

// nullstudy267
// Subjects=29
24.000	10.000	-48.000
14.000	18.000	-6.000
-56.000	26.000	18.000

// nullstudy268
// Subjects=13
-26.000	-78.000	-48.000
4.000	-42.000	-62.000

// nullstudy269
// Subjects=50
-38.000	-54.000	54.000
-28.000	-34.000	14.000
24.000	-58.000	66.000
-6.000	60.000	8.000
-28.000	28.000	54.000
-32.000	-86.000	4.000
-36.000	6.000	-36.000
-28.000	-38.000	4.000
36.000	10.000	56.000
46.000	-32.000	-8.000
4.000	52.000	-2.000
-4.000	-76.000	-24.000
-6.000	-92.000	24.000

// nullstudy270
// Subjects=18
6.000	-46.000	-16.000
38.000	-52.000	40.000
-22.000	26.000	24.000

// nullstudy271
// Subjects=15
-42.000	-28.000	-16.000

// nullstudy272
// Subjects=20
12.000	60.000	26.000
-44.000	-14.000	62.000
-18.000	-18.000	-2.000
-58.000	-50.000	40.000
2.000	-16.000	-14.000
20.000	-50.000	8.000
30.000	36.000	50.000
12.000	-42.000	36.000
58.000	-50.000	34.000
12.000	-18.000	-24.000
-46.000	12.000	4.000
-30.000	-12.000	-16.000
-14.000	-84.000	26.000

// nullstudy273
// Subjects=10
-40.000	-38.000	2.000
40.000	20.000	34.000
4.000	-34.000	54.000
50.000	-4.000	2.000
-20.000	-54.000	30.000
-2.000	32.000	12.000
32.000	-84.000	-34.000
42.000	18.000	-4.000
-22.000	22.000	-4.000
60.000	-4.000	-28.000
-24.000	22.000	10.000
34.000	-36.000	16.000
10.000	-46.000	-14.000

// nullstudy274
// Subjects=32
-12.000	-28.000	78.000
42.000	-82.000	28.000
46.000	6.000	40.000

// nullstudy275
// Subjects=30
-34.000	16.000	60.000
-34.000	-42.000	-56.000
-38.000	-68.000	32.000
-38.000	18.000	-36.000
-14.000	36.000	24.000
2.000	-56.000	8.000
14.000	-28.000	22.000
0.000	-100.000	0.000
4.000	-82.000	-20.000
32.000	20.000	-44.000
-30.000	10.000	-44.000
2.000	-14.000	8.000
-30.000	-58.000	62.000
42.000	-58.000	50.000
-40.000	-28.000	-6.000
-36.000	-14.000	-40.000
-46.000	-46.000	2.000

// nullstudy276
// Subjects=14
8.000	-92.000	4.000

// nullstudy277
// Subjects=15
-10.000	-80.000	-8.000
-42.000	-14.000	66.000
-52.000	-14.000	54.000

// nullstudy278
// Subjects=18
30.000	-40.000	70.000
52.000	-12.000	48.000
30.000	-86.000	26.000
56.000	-60.000	24.000
58.000	4.000	24.000
-42.000	-8.000	48.000
-34.000	-78.000	40.000
6.000	-26.000	-44.000
46.000	-28.000	-28.000
18.000	-56.000	40.000
-12.000	48.000	-26.000
-56.000	-22.000	28.000
6.000	-74.000	18.000
-22.000	-50.000	58.000
-22.000	-78.000	44.000
-64.000	-16.000	22.000
-28.000	-68.000	-58.000
-34.000	-44.000	-34.000
-10.000	20.000	2.000
-44.000	10.000	-42.000

// nullstudy279
// Subjects=12
-4.000	10.000	68.000
14.000	38.000	-28.000
-12.000	-68.000	-4.000
2.000	40.000	-18.000
-66.000	-34.000	40.000

// nullstudy280
// Subjects=30
16.000	64.000	22.000
-32.000	-40.000	10.000
26.000	-50.000	-40.000
-46.000	-74.000	-14.000

// nullstudy281
// Subjects=30
-46.000	10.000	-6.000
0.000	58.000	22.000
18.000	-56.000	14.000
38.000	-44.000	12.000
-18.000	24.000	0.000
-50.000	-40.000	18.000
-16.000	-32.000	64.000
18.000	42.000	24.000
0.000	50.000	36.000
-16.000	-76.000	14.000
10.000	-66.000	-20.000
32.000	-10.000	60.000
-24.000	12.000	-2.000

// nullstudy282
// Subjects=16
58.000	-22.000	30.000
28.000	-76.000	40.000

// nullstudy283
// Subjects=20
-4.000	0.000	24.000

// nullstudy284
// Subjects=20
-8.000	-60.000	-54.000

// nullstudy285
// Subjects=30
4.000	-16.000	68.000
8.000	42.000	30.000
20.000	-34.000	-8.000
-32.000	-4.000	64.000
10.000	-4.000	-32.000

// nullstudy286
// Subjects=15
-16.000	-54.000	14.000
-38.000	36.000	16.000
32.000	20.000	10.000
-26.000	26.000	20.000

// nullstudy287
// Subjects=19
-36.000	-70.000	18.000
2.000	-20.000	-32.000
0.000	40.000	14.000
-28.000	-52.000	26.000
-64.000	-12.000	-6.000
22.000	-30.000	78.000
52.000	-44.000	20.000
26.000	36.000	44.000

// nullstudy288
// Subjects=25
24.000	-6.000	50.000
60.000	-54.000	8.000
-34.000	42.000	12.000
10.000	2.000	-2.000
40.000	-56.000	-4.000
-28.000	22.000	-18.000

// nullstudy289
// Subjects=17
2.000	52.000	42.000
60.000	-34.000	-28.000
-16.000	-60.000	22.000
-28.000	-76.000	18.000
62.000	8.000	-6.000
-34.000	-54.000	68.000
-14.000	-20.000	34.000
6.000	-38.000	-18.000

// nullstudy290
// Subjects=30
36.000	-6.000	-32.000
52.000	-70.000	4.000
-10.000	60.000	26.000
-40.000	34.000	-6.000
-22.000	56.000	12.000
-26.000	-68.000	-38.000
-30.000	-42.000	2.000
28.000	6.000	-24.000
46.000	-8.000	-32.000
-22.000	-4.000	-36.000
58.000	-48.000	12.000
-36.000	-44.000	26.000
30.000	-32.000	64.000

// nullstudy291
// Subjects=13
52.000	16.000	4.000
-14.000	4.000	30.000
42.000	-90.000	-8.000
-16.000	34.000	58.000
-40.000	2.000	20.000
-32.000	-56.000	38.000
20.000	22.000	8.000
-2.000	34.000	0.000
42.000	-12.000	34.000
28.000	10.000	-30.000
-20.000	-16.000	-36.000
-12.000	-70.000	-14.000
0.000	12.000	20.000

// nullstudy292
// Subjects=14
-28.000	66.000	6.000
32.000	22.000	2.000
26.000	0.000	26.000
-46.000	-16.000	34.000

// nullstudy293
// Subjects=30
-30.000	14.000	64.000
-58.000	-68.000	16.000
56.000	-14.000	46.000
38.000	-72.000	-48.000
18.000	-90.000	6.000
26.000	8.000	68.000
-54.000	-42.000	18.000

// nullstudy294
// Subjects=15
-50.000	-30.000	20.000
-60.000	-14.000	12.000
-34.000	-10.000	-36.000
20.000	-46.000	-26.000
-48.000	-2.000	-2.000
-18.000	-88.000	4.000
2.000	-52.000	-12.000
16.000	-42.000	24.000
-38.000	-86.000	32.000
14.000	0.000	42.000
-40.000	32.000	-18.000
-14.000	20.000	-8.000

// nullstudy295
// Subjects=35
42.000	36.000	6.000
0.000	-54.000	46.000
48.000	-68.000	-42.000

// nullstudy296
// Subjects=33
2.000	-30.000	-44.000

// nullstudy297
// Subjects=14
-18.000	4.000	58.000
-2.000	-82.000	-20.000
20.000	10.000	30.000
46.000	-52.000	-2.000

// nullstudy298
// Subjects=10
-40.000	18.000	-16.000

// nullstudy299
// Subjects=17
48.000	-74.000	10.000
-50.000	-70.000	-2.000
-2.000	-84.000	44.000
10.000	-18.000	14.000
24.000	28.000	24.000
20.000	-36.000	-6.000
2.000	6.000	-12.000
12.000	62.000	2.000
-32.000	2.000	-28.000
56.000	-38.000	36.000

// nullstudy300
// Subjects=25
40.000	-14.000	14.000
-44.000	32.000	12.000
40.000	16.000	38.000
2.000	-54.000	10.000
4.000	-12.000	-22.000
-32.000	-46.000	-10.000
-44.000	18.000	-14.000
-18.000	14.000	-40.000

// nullstudy301
// Subjects=21
52.000	-16.000	16.000
36.000	-8.000	-28.000
-34.000	-52.000	34.000
-38.000	-18.000	68.000

// nullstudy302
// Subjects=15
32.000	6.000	14.000
-10.000	-44.000	-16.000
52.000	-32.000	22.000
40.000	-4.000	-14.000
-46.000	-42.000	20.000
18.000	-22.000	60.000
-42.000	22.000	2.000
16.000	-30.000	42.000

// nullstudy303
// Subjects=19
-32.000	8.000	56.000
-20.000	-14.000	30.000
24.000	-38.000	-50.000
12.000	-8.000	-12.000
-32.000	-86.000	-14.000
6.000	-60.000	-24.000
16.000	-60.000	28.000
-24.000	-58.000	-56.000
-6.000	-10.000	-10.000
34.000	46.000	28.000
32.000	64.000	2.000
46.000	-16.000	-30.000
-24.000	28.000	18.000

// nullstudy304
// Subjects=20
-42.000	42.000	28.000
-32.000	-4.000	10.000
40.000	-66.000	36.000
10.000	-8.000	30.000
-48.000	-24.000	18.000
8.000	-34.000	68.000
-16.000	-34.000	36.000
6.000	-38.000	70.000
4.000	-6.000	10.000
-30.000	-48.000	6.000
52.000	-38.000	8.000
0.000	8.000	18.000
-28.000	-4.000	44.000
-34.000	-72.000	-24.000
24.000	-16.000	-20.000
10.000	-82.000	40.000
-32.000	-46.000	-30.000
-12.000	-36.000	-26.000
0.000	-28.000	36.000
40.000	-50.000	-44.000
-42.000	-48.000	-2.000
54.000	26.000	32.000
62.000	-22.000	-32.000
24.000	-4.000	-8.000
2.000	-48.000	66.000
-38.000	46.000	-4.000
-18.000	60.000	-8.000
-14.000	-42.000	80.000
-2.000	16.000	-18.000
-32.000	-40.000	2.000
20.000	-42.000	16.000
-24.000	-78.000	-30.000
-32.000	-86.000	32.000
-30.000	-82.000	46.000
-34.000	-20.000	24.000
28.000	-58.000	50.000
-8.000	-24.000	46.000

// nullstudy305
// Subjects=14
22.000	18.000	-30.000
36.000	-36.000	38.000

// nullstudy306
// Subjects=20
34.000	-26.000	4.000
-14.000	-38.000	-48.000
-30.000	-18.000	0.000
64.000	-2.000	-10.000
14.000	-16.000	-4.000
-24.000	-26.000	18.000
2.000	-48.000	-42.000
14.000	38.000	-20.000

// nullstudy307
// Subjects=37
38.000	6.000	-22.000
32.000	14.000	50.000
-18.000	40.000	26.000
-10.000	-54.000	-52.000

// nullstudy308
// Subjects=19
-64.000	-38.000	-14.000
26.000	-64.000	62.000
-14.000	10.000	2.000
62.000	2.000	26.000
36.000	-12.000	-42.000
32.000	-82.000	40.000
58.000	-26.000	4.000

// nullstudy309
// Subjects=19
14.000	-28.000	-44.000
-28.000	-86.000	18.000

// nullstudy310
// Subjects=18
56.000	6.000	6.000

// nullstudy311
// Subjects=18
-16.000	18.000	28.000
26.000	-78.000	-54.000
-16.000	-46.000	-4.000
14.000	14.000	-18.000
-36.000	14.000	8.000
10.000	64.000	16.000
44.000	-54.000	-28.000
-30.000	32.000	52.000
42.000	0.000	-44.000
24.000	-4.000	-46.000
32.000	-58.000	10.000
24.000	24.000	56.000
-30.000	-4.000	-26.000

// nullstudy312
// Subjects=10
26.000	30.000	28.000
-2.000	-62.000	-10.000
18.000	-12.000	38.000
-40.000	36.000	34.000
-8.000	-20.000	30.000
50.000	-54.000	-16.000
16.000	-30.000	-38.000

// nullstudy313
// Subjects=15
-22.000	10.000	-36.000
-66.000	-16.000	6.000
20.000	-70.000	-54.000
60.000	-54.000	20.000
6.000	-58.000	-2.000
2.000	12.000	0.000
38.000	-74.000	-10.000
-46.000	-20.000	62.000

// nullstudy314
// Subjects=14
28.000	-42.000	-28.000
52.000	-46.000	22.000

// nullstudy315
// Subjects=15
38.000	-12.000	42.000
-22.000	70.000	0.000
38.000	54.000	-6.000
20.000	-4.000	48.000
-30.000	-56.000	-50.000
-54.000	-20.000	-32.000
2.000	-46.000	-24.000
14.000	52.000	38.000

// nullstudy316
// Subjects=17
20.000	2.000	-16.000
-56.000	-40.000	-26.000
-46.000	-62.000	52.000
24.000	-16.000	-6.000
-10.000	-90.000	2.000

// nullstudy317
// Subjects=15
50.000	48.000	12.000
16.000	-42.000	-34.000
0.000	-62.000	-34.000
18.000	-92.000	2.000
-54.000	-20.000	-16.000
-42.000	-62.000	-14.000
26.000	-88.000	-8.000
-20.000	-46.000	66.000
-52.000	-42.000	34.000
-26.000	30.000	30.000
-34.000	-46.000	8.000
6.000	-52.000	54.000
10.000	6.000	70.000
-6.000	-24.000	18.000
-50.000	-2.000	20.000
54.000	-4.000	42.000
22.000	-30.000	28.000
8.000	-38.000	80.000
30.000	-4.000	-36.000
48.000	2.000	14.000
16.000	-42.000	50.000
42.000	-64.000	56.000
-36.000	52.000	6.000
14.000	-70.000	14.000
-56.000	-66.000	34.000
-6.000	-72.000	58.000
28.000	-38.000	-18.000
-24.000	0.000	0.000
-2.000	58.000	18.000
-6.000	-44.000	-44.000
32.000	-82.000	20.000
-16.000	-42.000	-34.000
14.000	-38.000	-38.000
-48.000	2.000	36.000
4.000	4.000	72.000
10.000	22.000	-6.000
-50.000	-58.000	-20.000

// nullstudy318
// Subjects=27
-38.000	-26.000	60.000
-32.000	-46.000	-20.000

// nullstudy319
// Subjects=34
0.000	18.000	-12.000

// nullstudy320
// Subjects=18
-2.000	44.000	-26.000
-40.000	-74.000	-22.000
-18.000	26.000	40.000
-34.000	0.000	-40.000
26.000	14.000	-44.000
-36.000	-66.000	20.000
52.000	-34.000	-10.000

// nullstudy321
// Subjects=32
0.000	-66.000	10.000
2.000	-6.000	20.000
10.000	-16.000	32.000

// nullstudy322
// Subjects=50
0.000	52.000	-22.000
-16.000	-50.000	2.000
6.000	-64.000	2.000

// nullstudy323
// Subjects=15
24.000	8.000	-18.000
-30.000	-24.000	66.000
-46.000	-54.000	16.000

// nullstudy324
// Subjects=14
-58.000	-40.000	48.000
-4.000	-36.000	-10.000
12.000	-40.000	6.000
4.000	-18.000	46.000
60.000	-38.000	18.000
54.000	4.000	34.000
-20.000	56.000	26.000
12.000	-24.000	-36.000
-16.000	-32.000	-30.000
40.000	-8.000	60.000
-40.000	-6.000	0.000
-46.000	6.000	48.000
-36.000	-82.000	-42.000
-6.000	44.000	50.000
-36.000	4.000	-48.000

// nullstudy325
// Subjects=17
-34.000	10.000	60.000
-34.000	-20.000	24.000
-32.000	-56.000	58.000
56.000	8.000	14.000

// nullstudy326
// Subjects=13
52.000	26.000	22.000

// nullstudy327
// Subjects=15
-38.000	16.000	-30.000
42.000	-66.000	12.000

// nullstudy328
// Subjects=15
-60.000	-40.000	4.000
52.000	-4.000	50.000
10.000	-48.000	-50.000
-32.000	46.000	32.000
62.000	-2.000	-8.000

// nullstudy329
// Subjects=13
20.000	10.000	-24.000
-58.000	-38.000	10.000

// nullstudy330
// Subjects=14
26.000	-58.000	-32.000
60.000	-6.000	-32.000
-4.000	50.000	6.000
38.000	34.000	6.000
8.000	-38.000	36.000
-36.000	-10.000	-18.000
26.000	-78.000	-48.000
46.000	-56.000	56.000
-18.000	-6.000	68.000
2.000	62.000	-4.000
42.000	20.000	36.000
-50.000	-26.000	-16.000
-44.000	-68.000	-32.000
-26.000	-62.000	-22.000
-28.000	-76.000	32.000
-2.000	-20.000	-14.000
-10.000	-20.000	40.000
10.000	12.000	12.000
20.000	-18.000	32.000
-8.000	30.000	52.000

// nullstudy331
// Subjects=35
68.000	-22.000	4.000
44.000	-64.000	14.000

// nullstudy332
// Subjects=29
32.000	0.000	-14.000

// nullstudy333
// Subjects=14
4.000	34.000	42.000
4.000	-12.000	36.000
-22.000	-94.000	-2.000

// nullstudy334
// Subjects=19
6.000	32.000	60.000
50.000	-24.000	48.000
56.000	2.000	-14.000
4.000	14.000	-6.000
-54.000	-16.000	-38.000
20.000	-82.000	14.000
40.000	32.000	0.000
34.000	-40.000	32.000
-26.000	30.000	-22.000
-40.000	-54.000	-2.000
-2.000	-2.000	-12.000
40.000	-76.000	-50.000
-18.000	-72.000	42.000
-44.000	-44.000	46.000
-34.000	10.000	-22.000
-16.000	8.000	-26.000
6.000	-34.000	-2.000
34.000	18.000	36.000
-10.000	-2.000	-32.000
36.000	-38.000	46.000
56.000	-36.000	4.000
-56.000	8.000	-8.000
-18.000	-80.000	-8.000
6.000	-90.000	-12.000
-40.000	24.000	-18.000
-44.000	8.000	-36.000
-8.000	10.000	8.000
-32.000	-16.000	38.000
50.000	-34.000	-6.000
52.000	-26.000	-10.000
-8.000	-98.000	2.000
-14.000	-64.000	-8.000
18.000	52.000	20.000
12.000	26.000	44.000
-6.000	42.000	44.000
-32.000	-70.000	24.000
8.000	30.000	12.000

// nullstudy335
// Subjects=21
26.000	-42.000	66.000
20.000	-84.000	2.000
-12.000	40.000	44.000
56.000	4.000	10.000

// nullstudy336
// Subjects=31
-12.000	-92.000	12.000
62.000	-16.000	8.000
26.000	18.000	28.000
18.000	58.000	10.000

// nullstudy337
// Subjects=17
-8.000	-80.000	-8.000
16.000	-88.000	-42.000
20.000	-66.000	4.000

// nullstudy338
// Subjects=7
36.000	-54.000	52.000
10.000	-28.000	-44.000
-44.000	0.000	50.000
-28.000	62.000	4.000
56.000	0.000	40.000
-40.000	2.000	52.000
-44.000	-58.000	-26.000
22.000	-96.000	0.000
54.000	-52.000	20.000
8.000	-20.000	10.000
0.000	18.000	8.000
50.000	-16.000	-16.000
6.000	-84.000	24.000

// nullstudy339
// Subjects=37
-48.000	-66.000	-34.000
-14.000	42.000	46.000
-24.000	-78.000	-18.000
-34.000	-60.000	38.000
-4.000	6.000	68.000
14.000	-28.000	46.000
-34.000	46.000	34.000

// nullstudy340
// Subjects=14
-30.000	-50.000	-16.000
-38.000	-42.000	26.000
-6.000	-52.000	68.000

// nullstudy341
// Subjects=18
54.000	34.000	-12.000
2.000	38.000	-32.000
16.000	-62.000	-38.000
16.000	-16.000	2.000
-46.000	-8.000	-6.000
-62.000	-48.000	24.000
26.000	-66.000	-18.000
36.000	-4.000	-44.000
36.000	-66.000	-34.000
6.000	-64.000	12.000
-20.000	-56.000	22.000

// nullstudy342
// Subjects=18
-48.000	-28.000	-22.000
-4.000	-58.000	58.000
-2.000	-66.000	0.000
44.000	-68.000	38.000
-50.000	0.000	46.000

// nullstudy343
// Subjects=25
22.000	-56.000	42.000
-18.000	-14.000	42.000
-18.000	-10.000	-10.000

// nullstudy344
// Subjects=19
46.000	16.000	24.000
38.000	6.000	14.000
-58.000	-16.000	-14.000
-24.000	24.000	-16.000
-42.000	-2.000	-12.000
10.000	-74.000	18.000
-50.000	-32.000	-10.000
-42.000	-32.000	20.000
16.000	-16.000	60.000
42.000	-78.000	40.000
64.000	-8.000	-12.000
-10.000	-70.000	58.000
-52.000	-38.000	-16.000

// nullstudy345
// Subjects=13
32.000	-54.000	-26.000
30.000	-14.000	-12.000
-28.000	6.000	56.000
60.000	-18.000	-26.000
38.000	-50.000	60.000
36.000	28.000	0.000
-10.000	-30.000	36.000
-28.000	-10.000	8.000
32.000	-12.000	-16.000
10.000	54.000	14.000
-20.000	-78.000	42.000
-54.000	-62.000	-12.000
2.000	-60.000	-36.000

// nullstudy346
// Subjects=21
-36.000	-28.000	46.000
-24.000	-52.000	56.000
52.000	-78.000	6.000
-12.000	32.000	38.000
14.000	-22.000	-6.000
-16.000	-58.000	-56.000
-2.000	-78.000	-32.000
22.000	-70.000	12.000
-40.000	-46.000	-20.000
-18.000	-78.000	-10.000
-12.000	-60.000	28.000
12.000	-60.000	16.000
-12.000	-90.000	22.000
24.000	-56.000	-38.000

// nullstudy347
// Subjects=14
28.000	62.000	-8.000
20.000	56.000	-18.000
38.000	26.000	-10.000
8.000	10.000	-22.000
-32.000	-22.000	6.000
-34.000	-96.000	-8.000
-40.000	32.000	40.000
-20.000	-24.000	70.000
-36.000	48.000	-12.000
-48.000	-8.000	42.000
24.000	-4.000	60.000
-20.000	-2.000	0.000
-16.000	-78.000	-28.000

// nullstudy348
// Subjects=28
-16.000	16.000	32.000
16.000	-40.000	-26.000
-54.000	-36.000	-8.000
-12.000	58.000	10.000

// nullstudy349
// Subjects=48
-50.000	-58.000	44.000
42.000	-40.000	-18.000
40.000	-72.000	-28.000
40.000	30.000	46.000
-42.000	-18.000	-34.000
64.000	-22.000	14.000
-10.000	-28.000	-8.000
-28.000	-68.000	26.000
8.000	32.000	18.000
50.000	40.000	-8.000
-16.000	-72.000	56.000
44.000	-50.000	-16.000
-48.000	-26.000	-2.000

// nullstudy350
// Subjects=27
-40.000	-14.000	30.000
38.000	-68.000	42.000
-64.000	-26.000	-24.000
-12.000	36.000	12.000

// nullstudy351
// Subjects=20
0.000	-54.000	52.000
40.000	28.000	42.000
8.000	-64.000	34.000
-6.000	-72.000	-30.000

// nullstudy352
// Subjects=19
16.000	-48.000	-6.000
40.000	24.000	30.000
44.000	-52.000	-4.000
-14.000	-40.000	-6.000
10.000	22.000	52.000
32.000	-10.000	-46.000
-28.000	-18.000	40.000

// nullstudy353
// Subjects=16
-68.000	-26.000	-12.000
-6.000	-34.000	26.000
-18.000	-22.000	-22.000
50.000	-38.000	-20.000
-14.000	6.000	-30.000
14.000	-72.000	-34.000
-42.000	-38.000	40.000
8.000	-88.000	40.000
-52.000	18.000	22.000
26.000	0.000	-36.000
-64.000	-16.000	38.000
20.000	-40.000	2.000
-22.000	-36.000	62.000
-32.000	-10.000	-24.000
40.000	16.000	34.000
-38.000	-6.000	36.000
-34.000	26.000	12.000
-34.000	-50.000	-16.000

// nullstudy354
// Subjects=10
-16.000	-50.000	64.000
26.000	-44.000	62.000
10.000	-40.000	38.000
42.000	-48.000	-26.000
-60.000	-4.000	-20.000
60.000	6.000	20.000
-30.000	62.000	10.000
60.000	-4.000	-6.000
42.000	-56.000	50.000
12.000	-76.000	-42.000
6.000	40.000	32.000
12.000	10.000	-20.000
-20.000	-46.000	-34.000

// nullstudy355
// Subjects=19
-16.000	0.000	-30.000

// nullstudy356
// Subjects=25
-54.000	-6.000	44.000
46.000	-30.000	24.000
40.000	46.000	-8.000
44.000	-58.000	-32.000
-10.000	-42.000	-38.000
26.000	68.000	4.000
-12.000	-40.000	62.000
14.000	-32.000	38.000
34.000	4.000	-2.000
22.000	16.000	52.000
-54.000	-64.000	-10.000
8.000	-74.000	-36.000
66.000	-18.000	18.000
-56.000	-18.000	-10.000
32.000	38.000	32.000
36.000	-10.000	-12.000
4.000	-76.000	-16.000
18.000	-74.000	8.000
2.000	-20.000	4.000
6.000	-36.000	14.000
26.000	50.000	8.000
14.000	-52.000	68.000
-46.000	-12.000	-2.000
-34.000	36.000	-8.000
-34.000	-50.000	-20.000
10.000	62.000	28.000

// nullstudy357
// Subjects=25
50.000	-38.000	4.000
26.000	-90.000	8.000
40.000	40.000	26.000

// nullstudy358
// Subjects=23
-22.000	-2.000	-6.000
4.000	58.000	-26.000
-28.000	-4.000	14.000
-12.000	-72.000	-46.000
-34.000	-60.000	-60.000

// nullstudy359
// Subjects=14
6.000	-20.000	36.000
-38.000	22.000	52.000
-18.000	12.000	-38.000

// nullstudy360
// Subjects=14
14.000	-20.000	-6.000
-12.000	42.000	52.000
-38.000	42.000	-2.000
8.000	-16.000	12.000

// nullstudy361
// Subjects=20
-16.000	-106.000	-4.000
48.000	4.000	40.000
0.000	-4.000	12.000
-42.000	-78.000	40.000
-40.000	-12.000	48.000
-56.000	-16.000	50.000
18.000	-44.000	-26.000
44.000	40.000	-10.000
20.000	-80.000	6.000
-38.000	48.000	16.000
-8.000	0.000	50.000
42.000	-58.000	-50.000

// nullstudy362
// Subjects=14
18.000	46.000	20.000
-26.000	48.000	-18.000
64.000	0.000	32.000
68.000	-28.000	4.000
-4.000	18.000	-26.000
38.000	-42.000	40.000
52.000	-22.000	-18.000

// nullstudy363
// Subjects=19
-52.000	-38.000	26.000
-14.000	-44.000	30.000
-44.000	-30.000	60.000
-36.000	-12.000	-4.000

// nullstudy364
// Subjects=12
-16.000	-18.000	-4.000
-62.000	-14.000	-32.000
30.000	-54.000	64.000
10.000	-32.000	-18.000
-16.000	-6.000	-32.000
20.000	-26.000	48.000
12.000	24.000	-14.000
-54.000	-4.000	-32.000
30.000	2.000	60.000
32.000	18.000	4.000
-30.000	-40.000	6.000
-46.000	-22.000	-4.000

// nullstudy365
// Subjects=15
20.000	-44.000	-50.000
0.000	-4.000	-6.000

// nullstudy366
// Subjects=15
28.000	-52.000	70.000
4.000	-56.000	26.000
-24.000	4.000	-16.000
42.000	-38.000	50.000

// nullstudy367
// Subjects=25
8.000	-22.000	44.000
-12.000	-54.000	26.000
-26.000	-72.000	-40.000
-42.000	50.000	-4.000
-40.000	-14.000	-44.000
-8.000	72.000	-2.000
58.000	-6.000	-2.000

// nullstudy368
// Subjects=30
-24.000	-88.000	-42.000
-50.000	-28.000	22.000

// nullstudy369
// Subjects=13
-24.000	-50.000	6.000
-40.000	-38.000	-16.000
-28.000	6.000	22.000
6.000	10.000	24.000

// nullstudy370
// Subjects=15
12.000	32.000	62.000
28.000	-62.000	16.000
-28.000	56.000	-16.000
-10.000	48.000	18.000
32.000	-48.000	44.000
-32.000	26.000	34.000
26.000	-46.000	-8.000

// nullstudy371
// Subjects=15
-4.000	38.000	-18.000

// nullstudy372
// Subjects=29
26.000	-64.000	44.000
10.000	40.000	48.000
44.000	-22.000	56.000
-36.000	-18.000	12.000

// nullstudy373
// Subjects=14
22.000	-16.000	-32.000

// nullstudy374
// Subjects=16
-10.000	44.000	46.000
-46.000	-66.000	34.000

// nullstudy375
// Subjects=21
60.000	-30.000	6.000
38.000	-66.000	28.000
-32.000	-74.000	-36.000
52.000	-52.000	38.000
