// Reference=MNI
// Fuentes-Claramonte, 2020
// Subjects=27
-4	-52	30
-10	58	-6
-44	-60	22
54	12	-30
0	-20	36

// Furuichi, 2019
// Subjects=15
-18.05	-99.86	3.36
-44.06	17.62	21.31
-3.78	24.4	45.73
0.15	-17.92	6.15
-50.68	-35.95	-.17
-23.86	-22	-13.21
0.66	-9.72	47.91

// Makowski, 2016
// Subjects=15
-34	-92	8
-30	16	-22
-10	-8	-8
-12	-10	-14
-14	14	2
10	8	0	
36	20	-24
28	16	-22
24	34	-16	
44	-86	6
10	-48	40
-14	-46	42
-2	-42	38
34	-66	-12
26	-84	-2
40	-84	-14
-14	56	0
8	34	36
6	24	18
-42	-60	-8
-48	-60	-16
52	38	2
-14	-44	58
30	12	-18
34	18	-22
24	2	-12
10	34	38
22	20	50	
30	24	52
-24	-48	24
-30	-54	26
-14	-4	-14
20	-24	-16
32	-24	-20
-6	-54	14
-26	14	-22
-34	20	-18
-24	22	-10
42	-82	24
26	-72	42
32	20	-30
30	34	-14
30	22	-18
30	34	-14
-44	-60	-10
-48	-54	-22
-32	-88	4
-24	-92	-10
0	36	-4
8	46	18
6	36	40
2	4	30
0	-12	36

// Murphy,2010
// Subjects=10
0	-56	26
4	56	20
-18	60	10
54	-36	14

// Pauly, 2013
// Subjects=13
-3	59	20
-43	30	-17
40	20	-33
-3	-53	20
-50	-10	-20

// Pauly, 2013
// Subjects=13
46	20	-30
-3	20	-20
-20	-10	-33

// Zhang, 2015
// Subjects=21
-2	62	14	
-18	56	32	
-20	50	38	
-6	-56	32	
-2	-18	34	
12	-70	60	
-52	-64	38	
-46	-56	24	
-48	-60	32	
26	-82	-34	
42	-44	62
58	-26	52
38	-36	42

// Jimenez, 2018
// Subjects=16
-48	-74	-8
-4	8	58
24	6	4
52	8	30

// Jimenez, 2018
// Subjects=16
-46	-72	-6
46	10	26
-2	4	56
14	-14	12

// Vinogradov, 2008
// Subjects=8
-10	48	18
-4	57	19
-4	49	12
2	40	20
8	59	19
6	52	21
-8	-56	36

// Blackwood, 2004
// Subjects=8
-3.52	54.41	-12.15
46.06	27.4	-28.25
-40.43	26.68	-31.19
-.5	32.38	50.49
24.66	68.31	-2.8
-27.13	59.83	1.16
-63.43	-53.04	12.95
29.28	-97.95	-13.32

// Lombardo, 2010
// Subjects=33
-6	50	-6
-4	62	2
22	-82	-24

// Sarsam, 2013: self>queen
// Subjects=14
-5.35	37.22	8.48
23.78	-12.5	23.47
-5.98	-30.77	37.61
-15.8	3.38	25.94
54.66	-30.95	2.36
1.21	-6.26	9.83
8.71	-32.37	1.89
-43.76	-28.34	-10.11
-.5	-41.34	51.82
-21.11	37.75	44.31
-30.91	-52.12	-16.07
-39.42	-69.35	-17.87
7.44	-27.83	-21.89

// Blair, 2011
// Subjects=15
8.45	55.03	3.49
19.51	-81.63	-3.02
46.4	-53.26	31.09

// Bluhm, 2012
// Subjects=15
0	62	18
2	52	-12
8	-54	18

// Herold, 2017
// Subjects=14
-20	40	46
-8	44	6
-44	34	-14
-10	-52	28

// McAdams, 2016
// Subjects=19
32	-56	36
38	8	6
// nullstudy1
// Subjects=19
-2.000	2.000	-12.000
-22.000	32.000	-18.000
22.000	18.000	-34.000
24.000	54.000	18.000
20.000	-30.000	-36.000
26.000	0.000	-30.000
4.000	-40.000	-10.000
-34.000	-22.000	72.000

// nullstudy2
// Subjects=16
40.000	-68.000	16.000
48.000	32.000	-12.000
-48.000	10.000	36.000
12.000	58.000	18.000
-62.000	-26.000	20.000
-6.000	-36.000	-54.000
-18.000	28.000	8.000
16.000	-56.000	26.000
22.000	64.000	14.000
-16.000	-74.000	24.000
34.000	-84.000	20.000
-10.000	66.000	-18.000
18.000	16.000	18.000
68.000	-22.000	24.000
54.000	-58.000	-30.000
66.000	-28.000	-24.000
24.000	6.000	70.000
-8.000	-12.000	70.000
12.000	-88.000	-20.000
22.000	12.000	16.000
-42.000	-46.000	8.000
-34.000	-64.000	20.000
-52.000	-28.000	58.000
40.000	4.000	-38.000
36.000	-92.000	-10.000
-6.000	30.000	52.000
54.000	-2.000	-8.000
-38.000	-48.000	-36.000
-52.000	-12.000	2.000
18.000	-48.000	68.000
56.000	-18.000	-10.000
-38.000	-64.000	20.000
-28.000	8.000	52.000
48.000	-62.000	-44.000
-46.000	-42.000	-40.000
-12.000	58.000	14.000
-30.000	-2.000	-32.000
2.000	-78.000	28.000
-26.000	-18.000	-10.000
-30.000	-62.000	14.000
-30.000	-20.000	46.000
24.000	-98.000	16.000
4.000	50.000	12.000
50.000	-58.000	-16.000
32.000	-60.000	58.000
34.000	42.000	42.000
34.000	-50.000	12.000
8.000	-50.000	-32.000
-48.000	-50.000	42.000
-26.000	-70.000	-14.000
-54.000	12.000	22.000
2.000	-58.000	42.000
-18.000	66.000	14.000

// nullstudy3
// Subjects=10
28.000	-24.000	48.000
-40.000	-42.000	-48.000
40.000	-12.000	-14.000

// nullstudy4
// Subjects=8
34.000	32.000	38.000
18.000	-12.000	76.000
-42.000	-60.000	-10.000
-60.000	-32.000	44.000

// nullstudy5
// Subjects=10
2.000	46.000	-2.000
50.000	-50.000	-34.000
-22.000	44.000	20.000
-8.000	-46.000	48.000
-26.000	-10.000	50.000
-12.000	-26.000	72.000
0.000	60.000	-24.000
-34.000	-14.000	34.000
-8.000	-6.000	16.000
56.000	18.000	34.000
-64.000	-10.000	24.000
-2.000	-6.000	-36.000
-8.000	50.000	20.000
-32.000	-26.000	-6.000
22.000	-54.000	24.000
38.000	52.000	28.000
64.000	8.000	8.000
20.000	12.000	-16.000
-6.000	28.000	38.000
68.000	-8.000	2.000
-54.000	-56.000	8.000
-46.000	-64.000	-4.000
-18.000	-82.000	-46.000
32.000	-6.000	6.000
-22.000	-38.000	-4.000
-26.000	-4.000	-36.000
-10.000	32.000	50.000
62.000	10.000	10.000
20.000	-100.000	10.000
22.000	24.000	60.000
-40.000	-82.000	32.000
-40.000	-86.000	24.000
-10.000	2.000	20.000
52.000	8.000	6.000
62.000	-54.000	38.000
14.000	-72.000	-46.000
-42.000	48.000	6.000
-50.000	4.000	-8.000
46.000	-2.000	-26.000
48.000	28.000	40.000
-42.000	-82.000	6.000
-26.000	-68.000	-56.000
2.000	12.000	50.000
8.000	22.000	34.000
36.000	-42.000	26.000
-20.000	14.000	-26.000
0.000	2.000	52.000
40.000	-48.000	28.000
-42.000	-56.000	-44.000
18.000	-6.000	6.000
30.000	-56.000	-50.000
30.000	48.000	32.000
-16.000	-58.000	-30.000

// nullstudy6
// Subjects=14
32.000	12.000	48.000
-18.000	-32.000	40.000
18.000	-78.000	-52.000
-8.000	-30.000	0.000
24.000	-32.000	32.000
6.000	-14.000	12.000
-18.000	-2.000	62.000
-26.000	-46.000	-24.000
-30.000	2.000	54.000
-46.000	-22.000	48.000
46.000	20.000	42.000
-48.000	-84.000	-4.000
60.000	-36.000	48.000

// nullstudy7
// Subjects=19
48.000	-18.000	12.000
-58.000	-4.000	44.000
20.000	26.000	2.000

// nullstudy8
// Subjects=15
12.000	-24.000	-38.000
6.000	-72.000	28.000
34.000	-52.000	20.000
34.000	-60.000	54.000

// nullstudy9
// Subjects=14
-26.000	26.000	50.000
18.000	-44.000	-4.000
-12.000	-20.000	32.000
22.000	-8.000	-38.000
16.000	-36.000	-16.000
-8.000	58.000	28.000
56.000	-44.000	34.000
12.000	-52.000	-54.000

// nullstudy10
// Subjects=15
-48.000	14.000	48.000
-46.000	12.000	-8.000
20.000	-6.000	24.000
-44.000	42.000	-14.000
-40.000	14.000	26.000
-52.000	-22.000	4.000
-48.000	2.000	10.000
14.000	-28.000	-24.000

// nullstudy11
// Subjects=15
-42.000	10.000	-32.000
24.000	-16.000	42.000
42.000	-72.000	-8.000
48.000	26.000	32.000
60.000	-8.000	-4.000

// nullstudy12
// Subjects=10
12.000	-42.000	42.000
40.000	10.000	6.000
36.000	-58.000	-36.000
50.000	-62.000	16.000
14.000	-30.000	10.000
-24.000	-76.000	38.000
10.000	2.000	44.000
58.000	-2.000	-14.000
38.000	20.000	44.000
-20.000	-68.000	2.000
-30.000	-64.000	62.000
36.000	-6.000	0.000
-30.000	-34.000	-22.000
28.000	-76.000	36.000
-46.000	14.000	52.000
-18.000	-24.000	56.000
-40.000	-8.000	44.000
38.000	-8.000	-8.000
-12.000	-58.000	66.000
52.000	-74.000	-8.000
6.000	-20.000	4.000
-8.000	-54.000	34.000
22.000	-44.000	2.000
58.000	-26.000	40.000
66.000	-22.000	40.000
-14.000	-2.000	6.000
-56.000	-40.000	6.000
-64.000	-26.000	-20.000
54.000	12.000	30.000
-2.000	48.000	-4.000
-58.000	-46.000	50.000
22.000	-56.000	68.000
-56.000	-68.000	20.000
2.000	-24.000	54.000
-60.000	-28.000	24.000
32.000	26.000	58.000
-4.000	2.000	-4.000
-42.000	6.000	4.000
-58.000	-56.000	34.000
56.000	-2.000	-8.000
24.000	-62.000	-52.000
-6.000	22.000	62.000
-56.000	-54.000	-28.000
20.000	66.000	10.000
-2.000	-46.000	-20.000
34.000	-28.000	6.000
42.000	36.000	16.000
0.000	-66.000	22.000
8.000	26.000	-6.000
-42.000	-62.000	48.000
-24.000	-42.000	54.000
36.000	-74.000	34.000
34.000	36.000	48.000

// nullstudy13
// Subjects=33
-26.000	40.000	28.000
-46.000	-68.000	4.000
12.000	-58.000	4.000
-48.000	6.000	-10.000
60.000	-32.000	16.000
-22.000	-8.000	14.000
-12.000	-42.000	0.000

// nullstudy14
// Subjects=21
24.000	20.000	12.000
54.000	-12.000	50.000
54.000	-40.000	10.000
60.000	6.000	24.000
-30.000	20.000	14.000
-38.000	8.000	-46.000
62.000	-6.000	0.000
34.000	-10.000	42.000

// nullstudy15
// Subjects=15
12.000	-24.000	-16.000
-22.000	-46.000	56.000
24.000	-14.000	22.000
-20.000	26.000	2.000
16.000	56.000	26.000
0.000	-20.000	64.000
-58.000	-2.000	-24.000
-4.000	-12.000	14.000
-50.000	-70.000	10.000
-58.000	4.000	30.000
44.000	52.000	10.000
-30.000	-72.000	-44.000
-52.000	-56.000	-14.000
-6.000	2.000	30.000
-40.000	-76.000	30.000
4.000	-14.000	-10.000
26.000	12.000	-20.000
-28.000	-54.000	-10.000
2.000	-78.000	-14.000
-26.000	50.000	16.000
-16.000	-66.000	10.000
-20.000	44.000	30.000
-42.000	-8.000	-28.000
48.000	2.000	-8.000
-34.000	-74.000	-34.000
46.000	50.000	-2.000
24.000	2.000	24.000
40.000	-48.000	-22.000
-8.000	52.000	28.000
26.000	26.000	14.000
-40.000	-90.000	20.000
-36.000	-26.000	72.000
4.000	-12.000	20.000
-8.000	28.000	32.000
54.000	16.000	44.000
-10.000	-24.000	-38.000
4.000	44.000	26.000
54.000	-6.000	8.000
-14.000	-20.000	42.000
14.000	0.000	20.000
-4.000	-10.000	-18.000
-46.000	-62.000	0.000
22.000	-16.000	52.000
0.000	24.000	44.000
50.000	-74.000	14.000
44.000	34.000	20.000
-64.000	-36.000	-4.000
38.000	-80.000	-12.000
-54.000	-50.000	8.000
32.000	-18.000	-22.000
2.000	-44.000	22.000
-32.000	30.000	34.000
-50.000	44.000	0.000

// nullstudy16
// Subjects=27
-24.000	-52.000	-58.000
10.000	40.000	-18.000
10.000	48.000	36.000
54.000	-48.000	2.000

// nullstudy17
// Subjects=19
-14.000	58.000	-14.000
12.000	-38.000	42.000

// nullstudy18
// Subjects=33
18.000	24.000	-4.000
-28.000	-24.000	14.000
12.000	-72.000	64.000
-36.000	-78.000	-28.000
-12.000	24.000	6.000
-34.000	-38.000	-16.000
4.000	-42.000	66.000
-20.000	-2.000	26.000
66.000	-42.000	10.000
60.000	26.000	20.000
-36.000	-60.000	6.000
-48.000	-18.000	42.000
-36.000	34.000	46.000

// nullstudy19
// Subjects=15
-60.000	-36.000	-22.000
-42.000	-32.000	-10.000
18.000	-68.000	-56.000

// nullstudy20
// Subjects=33
22.000	44.000	-4.000
68.000	-28.000	-14.000
-28.000	-88.000	8.000
46.000	2.000	30.000

// nullstudy21
// Subjects=8
-28.000	-60.000	52.000
-4.000	54.000	-10.000
48.000	46.000	-10.000
18.000	-48.000	46.000
6.000	-2.000	64.000
14.000	42.000	44.000
34.000	-44.000	64.000

// nullstudy22
// Subjects=14
30.000	40.000	46.000
-36.000	-66.000	42.000
-10.000	-76.000	38.000
-18.000	4.000	6.000

// nullstudy23
// Subjects=15
-26.000	-38.000	76.000
4.000	-46.000	-14.000
26.000	-82.000	22.000

// nullstudy24
// Subjects=10
22.000	24.000	16.000
8.000	-90.000	40.000
-24.000	-64.000	50.000
-66.000	-16.000	4.000
-28.000	-66.000	-2.000
-24.000	-26.000	20.000
-4.000	24.000	-20.000
40.000	24.000	48.000

// nullstudy25
// Subjects=21
-18.000	-40.000	-32.000
38.000	12.000	62.000
30.000	-58.000	-32.000
30.000	-36.000	28.000
-10.000	24.000	56.000

// nullstudy26
// Subjects=19
34.000	-6.000	-44.000
-58.000	-50.000	-10.000
-12.000	-74.000	38.000
44.000	28.000	-6.000

// nullstudy27
// Subjects=8
-26.000	-30.000	48.000
42.000	34.000	-6.000
26.000	6.000	12.000
18.000	40.000	42.000
28.000	-74.000	4.000

// nullstudy28
// Subjects=33
-8.000	-72.000	30.000
8.000	-10.000	-24.000
24.000	-90.000	4.000
26.000	18.000	-18.000
10.000	32.000	30.000
-44.000	2.000	12.000
48.000	-30.000	-4.000
-28.000	-52.000	60.000
-8.000	62.000	-4.000
-62.000	-28.000	8.000
-56.000	14.000	10.000
-34.000	-30.000	52.000
54.000	-52.000	8.000

// nullstudy29
// Subjects=27
-50.000	40.000	4.000
4.000	-76.000	-48.000
34.000	4.000	-20.000
-54.000	6.000	-18.000
54.000	36.000	14.000

// nullstudy30
// Subjects=13
-16.000	56.000	32.000
62.000	-22.000	-30.000
40.000	-38.000	6.000

// nullstudy31
// Subjects=8
-38.000	4.000	-8.000
54.000	-32.000	6.000
-40.000	-90.000	12.000
-32.000	-82.000	-46.000

// nullstudy32
// Subjects=15
-46.000	2.000	-34.000
4.000	-42.000	-36.000
-2.000	-20.000	-12.000
44.000	-30.000	16.000
12.000	32.000	-18.000
-28.000	-86.000	-38.000
-46.000	-26.000	34.000

// nullstudy33
// Subjects=13
-2.000	18.000	38.000
10.000	34.000	-10.000
-44.000	-52.000	-10.000
-30.000	-86.000	-32.000
-6.000	-24.000	22.000
32.000	-42.000	4.000
-44.000	-56.000	0.000

// nullstudy34
// Subjects=15
-38.000	-32.000	36.000
-66.000	-44.000	-16.000
0.000	-40.000	70.000
-64.000	-28.000	12.000
-42.000	-52.000	0.000
-56.000	-26.000	54.000
-12.000	24.000	-16.000
40.000	22.000	30.000
-52.000	-54.000	-20.000
-20.000	-96.000	6.000
4.000	-94.000	4.000
-20.000	-56.000	72.000
-10.000	-38.000	-18.000

// nullstudy35
// Subjects=15
-54.000	-52.000	48.000
-8.000	40.000	18.000
-12.000	-64.000	28.000

// nullstudy36
// Subjects=16
-52.000	2.000	42.000
2.000	-86.000	24.000
32.000	26.000	14.000

// nullstudy37
// Subjects=16
-26.000	62.000	18.000
-52.000	-20.000	-24.000
-38.000	-64.000	-20.000
-16.000	-60.000	16.000
8.000	-72.000	-14.000
54.000	8.000	-38.000
10.000	28.000	4.000
-64.000	-18.000	0.000

// nullstudy38
// Subjects=15
28.000	-2.000	-8.000
-2.000	8.000	32.000
-38.000	-94.000	0.000
-48.000	-26.000	6.000

// nullstudy39
// Subjects=27
54.000	-46.000	4.000
2.000	4.000	-34.000
-28.000	-54.000	-12.000
42.000	-10.000	2.000
6.000	-52.000	6.000
-26.000	-8.000	56.000
22.000	-88.000	38.000
-14.000	-88.000	44.000
-6.000	58.000	-10.000
4.000	-66.000	46.000
60.000	-38.000	-20.000
-20.000	26.000	22.000
-28.000	-34.000	-44.000

// nullstudy40
// Subjects=16
-24.000	-30.000	42.000
0.000	-54.000	58.000
34.000	-46.000	-42.000
-40.000	-50.000	6.000
58.000	-32.000	-26.000
40.000	-22.000	2.000
56.000	0.000	-14.000
-58.000	-66.000	26.000
18.000	-18.000	38.000
-54.000	-6.000	12.000
20.000	-54.000	-28.000
-32.000	6.000	18.000
-32.000	-64.000	-22.000

// nullstudy41
// Subjects=10
28.000	-40.000	-44.000
6.000	-66.000	46.000
10.000	50.000	6.000
-2.000	22.000	-10.000

// nullstudy42
// Subjects=15
-22.000	26.000	24.000
-20.000	-32.000	74.000
4.000	-38.000	64.000
-46.000	-18.000	2.000
20.000	-6.000	54.000
-20.000	68.000	6.000
-24.000	-34.000	44.000

// nullstudy43
// Subjects=14
6.000	36.000	60.000
24.000	18.000	54.000
-18.000	6.000	-28.000
-8.000	-22.000	-30.000
-44.000	-42.000	14.000

// nullstudy44
// Subjects=27
-28.000	34.000	24.000
-14.000	-42.000	20.000
54.000	-56.000	34.000
16.000	-86.000	-24.000
-52.000	-56.000	4.000
-38.000	20.000	56.000
30.000	-74.000	8.000
16.000	28.000	8.000
-10.000	14.000	44.000
-42.000	-14.000	-12.000
16.000	-56.000	68.000
22.000	12.000	-10.000
34.000	-86.000	-6.000
36.000	50.000	18.000
2.000	-8.000	12.000
-14.000	-32.000	0.000
30.000	6.000	22.000
-20.000	-44.000	32.000
46.000	-64.000	-32.000
-14.000	-20.000	66.000
-2.000	16.000	62.000
-6.000	-76.000	-38.000
14.000	-22.000	46.000
-10.000	-62.000	34.000
-52.000	0.000	48.000
30.000	-38.000	-18.000
22.000	-18.000	16.000
24.000	-54.000	-22.000
-8.000	-102.000	-14.000
16.000	-54.000	34.000
-26.000	-68.000	14.000
18.000	-70.000	66.000
-34.000	-10.000	26.000
30.000	-42.000	-56.000
-48.000	-14.000	28.000
18.000	54.000	-10.000
46.000	-46.000	26.000
-2.000	-8.000	64.000
-10.000	-46.000	-38.000
-4.000	-38.000	-8.000
-12.000	-98.000	24.000
38.000	-14.000	14.000
52.000	6.000	-16.000
34.000	0.000	20.000
8.000	52.000	22.000
14.000	-68.000	-18.000
-28.000	-46.000	72.000
-40.000	16.000	40.000
-16.000	-50.000	38.000
36.000	-64.000	12.000
6.000	4.000	-8.000
-20.000	-52.000	62.000
6.000	-2.000	-2.000

// nullstudy45
// Subjects=10
16.000	-50.000	10.000
-42.000	16.000	-4.000
10.000	60.000	2.000
-56.000	-44.000	8.000

// nullstudy46
// Subjects=27
-14.000	-26.000	0.000
60.000	-30.000	-14.000
-36.000	-64.000	26.000
-8.000	52.000	-10.000

// nullstudy47
// Subjects=13
54.000	-64.000	-30.000
-54.000	-30.000	8.000
38.000	-52.000	18.000
-44.000	-54.000	-52.000
-28.000	-20.000	6.000
-40.000	-44.000	36.000
0.000	60.000	-12.000
-64.000	-34.000	40.000

// nullstudy48
// Subjects=8
44.000	-18.000	64.000
10.000	-88.000	-14.000
18.000	-32.000	70.000
6.000	44.000	-12.000

// nullstudy49
// Subjects=14
-38.000	4.000	42.000
-4.000	-64.000	-6.000
-18.000	-54.000	54.000
-4.000	-26.000	18.000
-66.000	-32.000	-24.000
14.000	-58.000	-42.000
56.000	14.000	-10.000
52.000	-20.000	0.000

// nullstudy50
// Subjects=16
-50.000	-30.000	26.000
56.000	-40.000	-12.000
18.000	48.000	22.000
-30.000	-46.000	46.000
58.000	20.000	14.000
34.000	-8.000	52.000
-8.000	-28.000	-34.000

// nullstudy51
// Subjects=21
44.000	-24.000	-14.000
-42.000	-64.000	28.000
54.000	12.000	-30.000
-6.000	-22.000	78.000
52.000	-52.000	-38.000
38.000	-70.000	-52.000
26.000	10.000	42.000
10.000	-94.000	30.000
-16.000	-66.000	38.000
-40.000	-38.000	26.000
-44.000	-36.000	42.000
-20.000	-14.000	2.000
-24.000	-74.000	32.000

// nullstudy52
// Subjects=13
-24.000	-4.000	38.000
8.000	-42.000	-26.000
30.000	-20.000	-28.000

// nullstudy53
// Subjects=14
14.000	12.000	10.000
-26.000	-56.000	-58.000
2.000	-12.000	12.000
2.000	-94.000	-14.000

// nullstudy54
// Subjects=8
8.000	-80.000	30.000
8.000	-60.000	54.000
58.000	18.000	28.000

// nullstudy55
// Subjects=13
54.000	-32.000	42.000
-4.000	-84.000	-16.000
6.000	68.000	14.000
32.000	18.000	-6.000
16.000	-22.000	-32.000
42.000	-2.000	-48.000
42.000	26.000	-26.000

// nullstudy56
// Subjects=33
8.000	-20.000	-22.000
18.000	34.000	52.000
8.000	24.000	20.000

// nullstudy57
// Subjects=8
56.000	-14.000	28.000
-62.000	-32.000	28.000
8.000	-76.000	22.000

// nullstudy58
// Subjects=15
-8.000	-26.000	16.000
38.000	-80.000	-16.000
-12.000	40.000	38.000
4.000	-32.000	24.000
10.000	0.000	12.000
28.000	2.000	0.000
-2.000	-60.000	-10.000
32.000	-82.000	46.000
24.000	42.000	22.000
8.000	18.000	-18.000
-42.000	-80.000	-2.000
-12.000	24.000	-26.000
32.000	24.000	6.000
-8.000	-38.000	16.000
-14.000	22.000	-20.000
28.000	38.000	14.000
-34.000	26.000	26.000
-38.000	-62.000	-60.000
64.000	-22.000	10.000
46.000	52.000	10.000
-8.000	12.000	26.000
42.000	26.000	22.000
30.000	-14.000	-14.000
16.000	-78.000	54.000
-58.000	-32.000	-2.000
-48.000	-32.000	50.000
50.000	-26.000	10.000
-30.000	12.000	-12.000
-44.000	-28.000	64.000
60.000	-10.000	24.000
6.000	-26.000	-12.000
58.000	24.000	24.000
14.000	-76.000	24.000
16.000	44.000	18.000
-40.000	-50.000	26.000
-50.000	2.000	-16.000
24.000	-54.000	58.000
62.000	-60.000	20.000
-28.000	-70.000	22.000
26.000	-10.000	60.000
20.000	64.000	4.000
-26.000	-88.000	-20.000
-36.000	-48.000	-36.000
14.000	-68.000	4.000
-36.000	-22.000	-2.000
6.000	-34.000	22.000
4.000	-72.000	2.000
36.000	12.000	58.000
2.000	-70.000	-38.000
12.000	-54.000	-6.000
-52.000	-44.000	8.000
4.000	34.000	-12.000
-40.000	-54.000	0.000

// nullstudy59
// Subjects=14
-24.000	-76.000	42.000
-62.000	-20.000	-6.000
50.000	-22.000	22.000

// nullstudy60
// Subjects=8
-48.000	38.000	24.000
28.000	-48.000	8.000
-18.000	-38.000	10.000
-28.000	-52.000	26.000

// nullstudy61
// Subjects=21
-60.000	-18.000	-26.000
-42.000	22.000	26.000
-44.000	8.000	34.000
-28.000	-10.000	-20.000
30.000	-78.000	44.000
-68.000	-24.000	22.000
16.000	-78.000	-20.000

// nullstudy62
// Subjects=27
44.000	28.000	30.000
66.000	-48.000	10.000
36.000	-38.000	-4.000
-32.000	-40.000	54.000
-8.000	42.000	14.000
2.000	60.000	12.000
62.000	-38.000	50.000

// nullstudy63
// Subjects=15
-6.000	28.000	44.000
10.000	0.000	58.000
12.000	-64.000	62.000
-14.000	-84.000	-36.000
48.000	-52.000	-54.000
-14.000	-96.000	20.000
-46.000	-54.000	-44.000

// nullstudy64
// Subjects=16
2.000	12.000	64.000
16.000	-8.000	74.000
-28.000	24.000	-32.000

// nullstudy65
// Subjects=19
32.000	-78.000	48.000
0.000	42.000	52.000
-2.000	22.000	26.000
10.000	-56.000	-52.000
-4.000	8.000	62.000

// nullstudy66
// Subjects=15
8.000	4.000	-34.000
-48.000	-62.000	22.000
-26.000	6.000	-18.000
42.000	-16.000	-18.000
-40.000	-22.000	58.000

// nullstudy67
// Subjects=15
24.000	62.000	24.000
-34.000	4.000	-40.000
-14.000	-90.000	-14.000
32.000	14.000	-44.000
36.000	-34.000	-22.000

// nullstudy68
// Subjects=15
-52.000	-24.000	10.000
50.000	42.000	-12.000
-52.000	20.000	-12.000

// nullstudy69
// Subjects=13
56.000	24.000	20.000
-48.000	-60.000	-18.000
-62.000	-54.000	32.000
18.000	-80.000	34.000

// nullstudy70
// Subjects=15
48.000	-50.000	-8.000
22.000	-30.000	-22.000
-6.000	6.000	42.000
18.000	-74.000	46.000
24.000	-90.000	6.000
-8.000	-76.000	-24.000
-30.000	42.000	-4.000
38.000	-48.000	42.000

// nullstudy71
// Subjects=15
-24.000	-84.000	40.000
-44.000	-10.000	-38.000
46.000	-46.000	18.000
-52.000	-4.000	28.000

// nullstudy72
// Subjects=33
0.000	-70.000	0.000
-16.000	-32.000	40.000

// nullstudy73
// Subjects=13
50.000	-68.000	34.000
-34.000	-82.000	-2.000
-62.000	-20.000	2.000
-42.000	42.000	-2.000
-52.000	-48.000	8.000
44.000	8.000	-34.000
-42.000	-36.000	10.000

// nullstudy74
// Subjects=15
2.000	66.000	12.000
46.000	-34.000	14.000
62.000	-44.000	2.000

// nullstudy75
// Subjects=13
48.000	-48.000	-32.000
60.000	-34.000	34.000
42.000	34.000	30.000
