// Reference=MNI
// Makowski, 2016
// Subjects=30
10	-44	38	
18	-44	40
46	-58	40
36	-54	56
40	-40	54
10	-44	38	
18	-44	40
46	-58	40
36	-54	56
40	-40	54

// Murphy,2010
// Subjects=21
-10	-78	46
-40	-62	32
10	-72	0

// Pankow, 2016
// Subjects=64
-9	26	61
-15	35	49
-18	56	28
-12	44	37
-6	47	46
-42	14	43
-45	17	40
9	38	1
-6	47	-2

// Pauly, 2013
// Subjects=26
-40	-10	-26
49	-7	46
36	-20	43

// Bedford, 2012
// Subjects=19
-6.82	44.85	37.24
-2.27	-54.39	13.5
2.49	40.67	31.59
-4.97	40.27	35.93
41.96	-35.96	34.91
29.62	73.77	18.97
6.56	40.64	2.83
14.97	-70.72	35.67
-14.68	-60.84	41.51
-7.05	23.05	48.68
34.26	44.63	9.09
-14.73	37.96	2.22
44.88	-32.13	24.51
-39.38	-28.4	27.95

// Jimenez, 2018
// Subjects=36
-44	-68	-14
44	22	24

// Liu, 2014
// Subjects=30
-54	-42	-24
-30	9	3
42	0	-15
60	-39	3

// Blackwood, 2004
// Subjects=16
0.95	38.03	-3.88
10.06	-45.98	15.48

// Tan, 2015
// Subjects=35
-6	36	15

// van der Meer, 2013
// Subjects=68
-6	-38	28

// Vinogradov, 2008
// Subjects=16
6	51	20
6	59	17
18	20	47
-4	-14	62
-4	-11	50
0	-21	53
22	9	-9
14	-74	-5
-2	12	36
-16	8	-2
-14	-2	4

// Hashimoto, 2017
// Subjects=50
-36	-54	24

// Blair, 2011
// Subjects=15
2.04	52.79	2.63
-42.68	25.62	13.23
54.6	29.89	18.45
-20.23	41.25	20.59
-35.92	1.8	48.61
-45.7	-43.81	10.17
49.21	-21.18	-8.43
53.35	2.74	-16.06
-62.54	-56.66	38.2
-28.63	-58.31	0.04
31.21	-76.61	-8.04
-27.97	82.47	3.83
48.28	45.14	37.32
21.37	-21.94	-15.86
20.39	55.92	27.81
-26.53	41.27	35.15

// Bluhm, 2012
// Subjects=35
2	58	-12

// Fuentes-Claramonte, 2020
// Subjects=50
-52	14	36

// Herold, 2017
// Subjects=28
-6	54	10

// Furuichi, 2019
// Subjects=28
54.72	-39.83	44.37
34.08	22.72	48.61

// shad, 2012
// Subjects=32
9   -45	    0

// Lemogne, 2009
// Subjects=30
6	48	18
-3	33	36
9	24	39
-48	18	24
-18	48	18

// Marchewka, 2019
// Subjects=30
59.46	-20.67	-3.55
59.68	-49.72	7.16

// Sarsam, 2013
// Subjects=27
-1	21	48

// McAdams, 2016
// Subjects=41
16	56	16

// Lythe, 2022
// Subjects=106
6	22	-2
// nullstudy1
// Subjects=15
50.000	22.000	28.000

// nullstudy2
// Subjects=15
-2.000	-64.000	36.000

// nullstudy3
// Subjects=28
32.000	-58.000	28.000
54.000	-56.000	32.000
-22.000	-70.000	50.000
0.000	-88.000	36.000
-28.000	-30.000	14.000
12.000	2.000	-30.000
-68.000	-34.000	30.000
-4.000	-34.000	-54.000
64.000	-44.000	-10.000
-48.000	-62.000	8.000
40.000	-16.000	0.000

// nullstudy4
// Subjects=26
8.000	-46.000	-50.000

// nullstudy5
// Subjects=50
-6.000	-10.000	-10.000
-38.000	34.000	40.000
28.000	-54.000	38.000

// nullstudy6
// Subjects=50
32.000	-66.000	-52.000

// nullstudy7
// Subjects=35
-26.000	4.000	54.000

// nullstudy8
// Subjects=35
6.000	44.000	34.000

// nullstudy9
// Subjects=30
-2.000	6.000	2.000

// nullstudy10
// Subjects=27
-32.000	-14.000	14.000
4.000	46.000	-20.000
-14.000	-32.000	30.000
58.000	26.000	22.000
18.000	-72.000	-38.000
-16.000	-76.000	-50.000
-24.000	64.000	8.000
-36.000	-40.000	-24.000
48.000	14.000	-40.000
-12.000	-58.000	36.000
28.000	-40.000	-26.000
12.000	-8.000	20.000
22.000	-38.000	-28.000
4.000	-84.000	-12.000
-14.000	-88.000	-8.000
-18.000	-74.000	-24.000

// nullstudy11
// Subjects=28
-34.000	4.000	-14.000
-34.000	-34.000	-38.000
52.000	8.000	-18.000
-20.000	-60.000	16.000
14.000	22.000	36.000
52.000	24.000	0.000
-26.000	-72.000	18.000
-46.000	-58.000	50.000
22.000	14.000	40.000
-14.000	16.000	68.000
-24.000	-76.000	32.000
30.000	16.000	38.000
4.000	-80.000	32.000
-44.000	-2.000	-16.000

// nullstudy12
// Subjects=16
-10.000	-46.000	64.000
-52.000	22.000	8.000
0.000	-34.000	60.000

// nullstudy13
// Subjects=16
-4.000	-40.000	36.000
22.000	20.000	20.000
-14.000	-48.000	8.000
-38.000	-12.000	20.000
-2.000	20.000	-10.000
44.000	34.000	26.000
30.000	-70.000	-16.000
-18.000	-84.000	-44.000
8.000	-80.000	28.000
32.000	-38.000	62.000
46.000	-80.000	-8.000
64.000	-46.000	-18.000
6.000	-30.000	-18.000
14.000	-26.000	72.000

// nullstudy14
// Subjects=27
48.000	-8.000	-44.000
-58.000	-40.000	-16.000
-36.000	-68.000	10.000
-12.000	-84.000	-40.000
-54.000	22.000	14.000
50.000	36.000	28.000
-12.000	-62.000	10.000
44.000	-58.000	32.000
-58.000	4.000	-6.000
-14.000	-32.000	-34.000
14.000	-26.000	-34.000
-4.000	34.000	44.000
-28.000	56.000	-8.000
-28.000	-22.000	28.000

// nullstudy15
// Subjects=30
48.000	-42.000	20.000
22.000	-20.000	12.000
-20.000	-14.000	58.000

// nullstudy16
// Subjects=15
-30.000	28.000	50.000
-24.000	8.000	-8.000
-38.000	10.000	-46.000
22.000	-76.000	-40.000
2.000	-20.000	26.000
-56.000	-22.000	50.000
-34.000	-68.000	16.000
2.000	64.000	-4.000
-22.000	28.000	-20.000

// nullstudy17
// Subjects=19
12.000	16.000	8.000

// nullstudy18
// Subjects=16
40.000	-60.000	60.000

// nullstudy19
// Subjects=26
-30.000	-96.000	-14.000
-56.000	24.000	28.000
-36.000	-64.000	58.000
36.000	-84.000	-20.000
-18.000	60.000	12.000

// nullstudy20
// Subjects=68
32.000	-2.000	22.000

// nullstudy21
// Subjects=41
-34.000	-16.000	28.000

// nullstudy22
// Subjects=27
10.000	-24.000	-38.000

// nullstudy23
// Subjects=30
40.000	52.000	10.000

// nullstudy24
// Subjects=36
-2.000	-60.000	38.000
-52.000	-18.000	12.000
-18.000	-28.000	8.000
-22.000	-68.000	62.000
14.000	-4.000	42.000
54.000	10.000	-34.000
20.000	24.000	-6.000
6.000	-36.000	68.000
-4.000	48.000	42.000
18.000	48.000	18.000

// nullstudy25
// Subjects=16
-34.000	12.000	8.000
-38.000	-4.000	-46.000

// nullstudy26
// Subjects=16
52.000	18.000	-10.000
-6.000	46.000	14.000

// nullstudy27
// Subjects=16
54.000	-8.000	-38.000
-8.000	-30.000	36.000
34.000	-48.000	54.000
38.000	-84.000	-26.000
-34.000	-90.000	-8.000
42.000	-64.000	-6.000
44.000	-52.000	48.000
22.000	-22.000	18.000
28.000	-54.000	70.000
14.000	-8.000	28.000

// nullstudy28
// Subjects=50
-36.000	-64.000	-58.000
-52.000	-10.000	-30.000
-42.000	20.000	20.000

// nullstudy29
// Subjects=36
2.000	6.000	-30.000

// nullstudy30
// Subjects=28
14.000	54.000	-20.000
44.000	-18.000	-22.000

// nullstudy31
// Subjects=30
24.000	-46.000	-50.000
-6.000	48.000	-8.000

// nullstudy32
// Subjects=30
-28.000	-44.000	24.000

// nullstudy33
// Subjects=64
-28.000	-30.000	68.000

// nullstudy34
// Subjects=68
12.000	0.000	40.000
-50.000	-70.000	34.000
-34.000	12.000	-16.000
32.000	4.000	62.000
8.000	-2.000	66.000
-16.000	-8.000	-18.000
50.000	-34.000	0.000
-12.000	-34.000	8.000
6.000	-48.000	16.000
22.000	-74.000	-26.000

// nullstudy35
// Subjects=15
-20.000	8.000	-46.000
-44.000	16.000	-2.000

// nullstudy36
// Subjects=36
-28.000	28.000	-4.000

// nullstudy37
// Subjects=16
-26.000	-68.000	62.000
-48.000	-14.000	-40.000

// nullstudy38
// Subjects=15
14.000	2.000	-18.000
28.000	-18.000	0.000

// nullstudy39
// Subjects=19
56.000	-30.000	-20.000

// nullstudy40
// Subjects=26
40.000	-14.000	-22.000

// nullstudy41
// Subjects=36
-12.000	14.000	70.000

// nullstudy42
// Subjects=16
10.000	-52.000	28.000
-8.000	-26.000	34.000
-32.000	-56.000	-16.000
-50.000	-24.000	56.000
-16.000	-86.000	-36.000
-52.000	-24.000	24.000
-4.000	-4.000	10.000
10.000	64.000	32.000
26.000	-8.000	60.000
20.000	-44.000	-22.000

// nullstudy43
// Subjects=16
50.000	-64.000	40.000
-10.000	-26.000	78.000

// nullstudy44
// Subjects=68
-12.000	-52.000	36.000

// nullstudy45
// Subjects=21
62.000	-58.000	10.000
30.000	-74.000	34.000
62.000	-30.000	30.000
54.000	-54.000	-8.000
8.000	-44.000	-42.000
-14.000	-26.000	-42.000
-24.000	32.000	40.000
-30.000	-30.000	68.000
28.000	38.000	32.000
46.000	56.000	-8.000
38.000	16.000	-2.000

// nullstudy46
// Subjects=35
38.000	-58.000	-60.000

// nullstudy47
// Subjects=68
-30.000	-84.000	2.000
-66.000	-32.000	36.000
-16.000	-48.000	28.000
-2.000	-72.000	14.000

// nullstudy48
// Subjects=30
18.000	-72.000	50.000
4.000	-90.000	-6.000
-16.000	-10.000	48.000
-30.000	-14.000	-40.000
16.000	-46.000	42.000
-16.000	64.000	-12.000
-34.000	14.000	-34.000
-16.000	-38.000	-2.000
12.000	-78.000	44.000
-14.000	46.000	42.000
40.000	-26.000	-30.000
28.000	62.000	-14.000
-46.000	-58.000	4.000
-2.000	-18.000	-18.000

// nullstudy49
// Subjects=26
14.000	-68.000	8.000
6.000	-84.000	-32.000

// nullstudy50
// Subjects=30
20.000	-10.000	14.000
-66.000	-22.000	30.000
40.000	48.000	32.000
-40.000	2.000	28.000
36.000	12.000	42.000

// nullstudy51
// Subjects=19
-6.000	-54.000	-38.000
16.000	-40.000	14.000

// nullstudy52
// Subjects=106
-8.000	-10.000	-36.000

// nullstudy53
// Subjects=28
-64.000	-16.000	4.000

// nullstudy54
// Subjects=32
-56.000	10.000	22.000

// nullstudy55
// Subjects=30
-18.000	46.000	6.000

// nullstudy56
// Subjects=50
-38.000	-2.000	64.000
8.000	-10.000	42.000
-48.000	0.000	18.000
26.000	-60.000	24.000
0.000	-66.000	20.000

// nullstudy57
// Subjects=16
22.000	44.000	-2.000

// nullstudy58
// Subjects=16
-42.000	-54.000	0.000
-68.000	-40.000	12.000
26.000	-38.000	48.000

// nullstudy59
// Subjects=15
-18.000	24.000	20.000
60.000	-2.000	30.000
48.000	-48.000	0.000
-26.000	-16.000	58.000
8.000	-14.000	44.000
8.000	12.000	58.000
18.000	44.000	-10.000
26.000	-60.000	-2.000
-44.000	-32.000	12.000
-40.000	-46.000	52.000
12.000	-70.000	-18.000

// nullstudy60
// Subjects=41
48.000	-50.000	-10.000

// nullstudy61
// Subjects=16
-36.000	-84.000	-20.000
32.000	-70.000	30.000
22.000	-16.000	-16.000
8.000	-18.000	40.000
36.000	0.000	-48.000
-42.000	58.000	-6.000
16.000	-2.000	-34.000
-56.000	-64.000	-14.000
2.000	-26.000	-28.000
46.000	-22.000	10.000

// nullstudy62
// Subjects=15
50.000	26.000	36.000

// nullstudy63
// Subjects=35
62.000	-14.000	14.000

// nullstudy64
// Subjects=68
0.000	-24.000	54.000

// nullstudy65
// Subjects=68
-14.000	-18.000	-2.000

// nullstudy66
// Subjects=16
58.000	-14.000	34.000
-48.000	-52.000	12.000

// nullstudy67
// Subjects=21
-34.000	-88.000	10.000

// nullstudy68
// Subjects=36
-12.000	-2.000	-38.000
-24.000	-84.000	14.000
-32.000	-8.000	32.000

// nullstudy69
// Subjects=30
46.000	-38.000	56.000
58.000	-66.000	16.000
-8.000	10.000	62.000
34.000	-12.000	70.000

// nullstudy70
// Subjects=30
2.000	-40.000	46.000

// nullstudy71
// Subjects=19
36.000	-44.000	-6.000

// nullstudy72
// Subjects=16
-4.000	-74.000	-4.000
-14.000	-42.000	66.000
6.000	38.000	38.000

// nullstudy73
// Subjects=19
28.000	-52.000	-56.000
10.000	-88.000	-2.000
28.000	-64.000	36.000
20.000	-14.000	6.000
-4.000	-6.000	34.000
38.000	-74.000	-46.000
-38.000	-58.000	30.000
-10.000	42.000	40.000
50.000	-42.000	26.000
36.000	22.000	-36.000
-28.000	-70.000	48.000
-24.000	4.000	-30.000
26.000	-56.000	-10.000
18.000	-88.000	-10.000
-18.000	66.000	18.000
14.000	-10.000	34.000

// nullstudy74
// Subjects=30
-44.000	-56.000	-10.000

// nullstudy75
// Subjects=27
16.000	2.000	-8.000
2.000	38.000	32.000

// nullstudy76
// Subjects=36
-8.000	48.000	6.000
14.000	-28.000	-20.000

// nullstudy77
// Subjects=16
20.000	12.000	-4.000

// nullstudy78
// Subjects=30
20.000	-18.000	6.000
28.000	44.000	-16.000
-24.000	38.000	-14.000
-10.000	-2.000	-2.000

// nullstudy79
// Subjects=30
-42.000	-34.000	40.000

// nullstudy80
// Subjects=28
30.000	38.000	6.000
22.000	52.000	24.000
12.000	-28.000	-2.000
6.000	0.000	2.000

// nullstudy81
// Subjects=28
-20.000	32.000	18.000
-18.000	-76.000	54.000
10.000	-76.000	-34.000

// nullstudy82
// Subjects=19
42.000	-76.000	-40.000

// nullstudy83
// Subjects=16
-2.000	10.000	38.000
0.000	44.000	14.000

// nullstudy84
// Subjects=16
-34.000	-8.000	48.000
0.000	-16.000	-4.000
46.000	-10.000	34.000
8.000	26.000	6.000
18.000	54.000	-16.000
66.000	-26.000	26.000
40.000	-50.000	64.000
-6.000	-56.000	-40.000
-42.000	-52.000	-12.000

// nullstudy85
// Subjects=28
-50.000	-52.000	-38.000

// nullstudy86
// Subjects=41
36.000	32.000	-14.000
-12.000	38.000	-28.000

// nullstudy87
// Subjects=30
-68.000	-20.000	-22.000
-34.000	-74.000	0.000
-20.000	-52.000	-36.000
24.000	-76.000	-18.000

// nullstudy88
// Subjects=21
-60.000	-46.000	-10.000
50.000	-12.000	-40.000
28.000	0.000	6.000
-30.000	-48.000	-6.000
-40.000	52.000	6.000
-14.000	68.000	8.000
-32.000	-48.000	0.000
40.000	-14.000	-6.000
-28.000	-6.000	36.000
-52.000	-64.000	-10.000
4.000	-20.000	46.000

// nullstudy89
// Subjects=50
-2.000	-66.000	-44.000
-54.000	-68.000	26.000
-46.000	-40.000	-8.000
-42.000	-10.000	24.000
-18.000	-2.000	-20.000
10.000	-74.000	58.000
42.000	-58.000	-14.000
14.000	-34.000	66.000
14.000	-2.000	-30.000

// nullstudy90
// Subjects=35
-10.000	-36.000	46.000

// nullstudy91
// Subjects=15
12.000	0.000	-40.000
-16.000	-78.000	-14.000
-40.000	48.000	-10.000
-34.000	-50.000	14.000
34.000	24.000	30.000
44.000	-64.000	-10.000
8.000	-80.000	-32.000
40.000	56.000	-2.000
-20.000	-28.000	-8.000
56.000	-70.000	-6.000
-36.000	-2.000	56.000
10.000	0.000	62.000
0.000	-66.000	-44.000
54.000	-48.000	46.000
-14.000	-66.000	26.000
-16.000	-8.000	22.000

// nullstudy92
// Subjects=30
0.000	-52.000	-54.000
44.000	-2.000	36.000
-34.000	2.000	-10.000
4.000	8.000	24.000
24.000	-4.000	-24.000
-42.000	0.000	6.000
60.000	-18.000	44.000
14.000	-64.000	-40.000
4.000	-34.000	-20.000
-8.000	-2.000	4.000
6.000	-28.000	16.000

// nullstudy93
// Subjects=35
26.000	-90.000	-10.000

// nullstudy94
// Subjects=16
-12.000	36.000	52.000
34.000	-60.000	-42.000
-4.000	-58.000	64.000
6.000	22.000	12.000
-40.000	-14.000	8.000
26.000	-60.000	68.000
-6.000	-26.000	-4.000
10.000	-16.000	38.000
4.000	-70.000	-32.000
-26.000	-34.000	66.000
0.000	58.000	-4.000
18.000	-14.000	26.000
-12.000	48.000	-16.000
-18.000	4.000	18.000

// nullstudy95
// Subjects=50
-26.000	-22.000	-22.000

// nullstudy96
// Subjects=30
8.000	-26.000	62.000
18.000	-44.000	2.000
32.000	-90.000	-10.000
-28.000	-14.000	70.000
44.000	24.000	4.000
-34.000	-38.000	-14.000
28.000	-54.000	10.000
-34.000	-46.000	-28.000
-2.000	22.000	62.000
38.000	-30.000	42.000

// nullstudy97
// Subjects=30
-14.000	-2.000	18.000
6.000	40.000	22.000

// nullstudy98
// Subjects=50
-24.000	-88.000	-8.000
22.000	10.000	-28.000

// nullstudy99
// Subjects=50
10.000	-6.000	-6.000
44.000	-16.000	-18.000

// nullstudy100
// Subjects=106
-26.000	16.000	-4.000
-24.000	48.000	30.000
-62.000	-10.000	10.000
-8.000	44.000	-6.000

// nullstudy101
// Subjects=27
2.000	22.000	14.000

// nullstudy102
// Subjects=36
-10.000	-48.000	2.000
8.000	-66.000	-4.000

// nullstudy103
// Subjects=41
20.000	-92.000	-14.000
8.000	-50.000	36.000
-36.000	58.000	6.000

// nullstudy104
// Subjects=16
44.000	-14.000	-18.000
-52.000	-58.000	-34.000
-8.000	-80.000	-6.000
-56.000	10.000	-24.000

// nullstudy105
// Subjects=64
0.000	-60.000	48.000
-32.000	-18.000	-22.000
0.000	26.000	8.000
32.000	-76.000	-22.000
14.000	-44.000	-28.000
-14.000	-4.000	10.000
64.000	-8.000	-14.000
38.000	-90.000	6.000
4.000	-12.000	40.000
38.000	-44.000	62.000

// nullstudy106
// Subjects=50
-18.000	16.000	54.000
26.000	-12.000	-14.000
-2.000	-60.000	46.000

// nullstudy107
// Subjects=36
42.000	-32.000	52.000
14.000	4.000	-12.000

// nullstudy108
// Subjects=30
-18.000	50.000	-18.000

// nullstudy109
// Subjects=32
2.000	-32.000	2.000

// nullstudy110
// Subjects=26
52.000	-36.000	18.000
26.000	-56.000	38.000
-54.000	-14.000	4.000
-20.000	28.000	28.000
-42.000	-64.000	-48.000
-2.000	-6.000	34.000
-32.000	-72.000	-30.000
-36.000	-80.000	36.000
-46.000	26.000	44.000

// nullstudy111
// Subjects=16
-24.000	26.000	-14.000

// nullstudy112
// Subjects=27
34.000	-90.000	-16.000
18.000	-64.000	44.000

// nullstudy113
// Subjects=64
42.000	-68.000	-56.000
30.000	34.000	8.000
18.000	-22.000	4.000
-16.000	-2.000	26.000

// nullstudy114
// Subjects=16
20.000	52.000	-14.000
58.000	12.000	16.000
22.000	8.000	58.000

// nullstudy115
// Subjects=50
-12.000	-60.000	-20.000
