// Reference=MNI
// Fuentes-Claramonte, 2020
// Subjects=23
2	-52	28
-16	58	32
-44	-60	24
-48	-6	-40
50	4	-34
56	-22	-14

// Furuichi, 2019
// Subjects=13
-22.35	-97.54	5.45
5.83	27.96	37.37
-34.82	-54.52	52.95
-2.21	-45.64	-14.6
39.81	22.55	-10.86
-62.41	-44.73	9.87
46.64	25.17	16.78


// Makowski, 2016
// Subjects=15
14	-90	-38
36	-86	-36
64	-20	40
4	32	-10
-4	36	-10
-4	22	-12
-28	56	24
-20	50	24
-48	28	-16
-40	30	0
-30	22	-14
-8	-8	34
42	22	-18
-40	4	36
-54	20	20
56	14	10
56	-20	36
12	-54	14
-6	-56	8
-8	-54	10
-38	-64	32
32	-68	-10
48	-20	38
60	-12	40
-46	30	-16
-46	18	-12
-40	-66	34
-44	0	36
-40	12	34

// Murphy,2010
// Subjects=11
-8	-60	24
-26	32	52
-6	58	14
-6	58	-2

// Pauly, 2013
// Subjects=13
-13	46	46
-46	30	-17
-3	-56	30
-10	-59	-3
-10	53	16
23	36	20
43	30	20	
46	-7	46
-10	-89	33

// Zhang, 2015
// Subjects=17
0 	-44 	28
-10 	-58 	32
-2 	60 	14
-22 	60 	20
-8 	48	 2
2 	-18 	36
24 	42 	46
-52 	-66 	36
-12 	28 	56
56 	-62 	34
-2	60	14
-8	62	26
-22 	54 	32
-6 	-54 	32
2 	-50 	30
8 	-70 	40
-44	-58 	26
-38 	-54 	32

// Jimenez, 2018
// Subjects=20
-30	-86	22
-4	12	54
26	0	44
42	36	24
-6	8	54
-10	-14	8
30	0	48
34	20	4
-6	6	54
-8	-16	10
30	2	50

// Vinogradov, 2008
// Subjects=8
20	11	-6
0	-37	39

// Blackwood, 2004
// Subjects=8
-.97	-45.55	-2.3
54.78	21.47	-23.33
-51.14	25.14	-24.13
// nullstudy1
// Subjects=23
18.000	-46.000	36.000
50.000	-32.000	48.000
32.000	58.000	0.000
-14.000	-6.000	-36.000
14.000	-56.000	-22.000
44.000	-22.000	-30.000
30.000	-14.000	12.000
-6.000	-74.000	-8.000
-36.000	4.000	-16.000
6.000	-78.000	-36.000
-14.000	-46.000	58.000

// nullstudy2
// Subjects=11
30.000	34.000	10.000
-10.000	-34.000	-26.000
18.000	-56.000	70.000
-12.000	-28.000	-40.000
28.000	32.000	28.000
36.000	-88.000	-14.000
-16.000	-86.000	-28.000
56.000	16.000	-12.000
-38.000	-8.000	20.000
-32.000	-32.000	40.000
34.000	-56.000	-50.000
2.000	-54.000	54.000
-38.000	46.000	34.000
-34.000	-50.000	-24.000
-40.000	-52.000	64.000
-60.000	0.000	-2.000
-20.000	-8.000	12.000
32.000	-60.000	6.000

// nullstudy3
// Subjects=8
-4.000	-32.000	-24.000
26.000	-54.000	70.000
40.000	-76.000	-8.000
-2.000	-36.000	-18.000
-4.000	60.000	0.000
-16.000	0.000	34.000
-48.000	-14.000	-12.000

// nullstudy4
// Subjects=20
22.000	-42.000	6.000
40.000	-26.000	-14.000
-16.000	32.000	46.000
-12.000	-70.000	12.000
2.000	-2.000	-6.000
-16.000	-58.000	-20.000
-32.000	-38.000	66.000
46.000	-58.000	-8.000
-16.000	-38.000	40.000
-50.000	-56.000	8.000
-8.000	12.000	14.000

// nullstudy5
// Subjects=15
54.000	18.000	12.000
-34.000	6.000	28.000
16.000	-34.000	64.000
42.000	-62.000	-58.000

// nullstudy6
// Subjects=23
42.000	-60.000	30.000
-54.000	4.000	-12.000
-38.000	-10.000	-24.000
20.000	-40.000	-20.000
-40.000	44.000	8.000
12.000	44.000	36.000
-2.000	-62.000	-10.000
-10.000	36.000	20.000
28.000	4.000	36.000
2.000	-44.000	72.000
-2.000	18.000	34.000

// nullstudy7
// Subjects=13
-30.000	-16.000	10.000
2.000	-60.000	20.000
12.000	38.000	-26.000
20.000	34.000	18.000
10.000	8.000	30.000
16.000	-38.000	38.000
-54.000	-62.000	42.000
20.000	-20.000	0.000
-16.000	-74.000	14.000

// nullstudy8
// Subjects=23
40.000	-60.000	26.000
20.000	-4.000	70.000
2.000	-40.000	20.000
4.000	38.000	24.000
-36.000	16.000	0.000
-10.000	-64.000	42.000
20.000	8.000	30.000

// nullstudy9
// Subjects=23
-8.000	-26.000	-30.000
4.000	24.000	56.000
38.000	-20.000	-20.000
30.000	-50.000	-50.000
16.000	-44.000	26.000
-50.000	-42.000	0.000
-26.000	66.000	18.000
-34.000	-64.000	58.000
46.000	-4.000	50.000
46.000	-62.000	-26.000
-34.000	-16.000	-22.000
40.000	-32.000	12.000
32.000	-14.000	-22.000
8.000	56.000	42.000
6.000	-68.000	6.000
-44.000	40.000	26.000
6.000	32.000	-22.000
-42.000	-62.000	-52.000

// nullstudy10
// Subjects=20
46.000	-58.000	4.000
-26.000	-28.000	68.000
18.000	2.000	-6.000
-6.000	58.000	26.000

// nullstudy11
// Subjects=15
16.000	-36.000	-32.000
12.000	46.000	52.000
-56.000	-38.000	-2.000
30.000	-44.000	-34.000
18.000	-46.000	22.000
18.000	-100.000	8.000
50.000	-8.000	36.000
62.000	-4.000	22.000
4.000	-84.000	4.000
46.000	-28.000	22.000
0.000	8.000	-12.000

// nullstudy12
// Subjects=20
46.000	-74.000	26.000
-6.000	70.000	8.000
50.000	-16.000	10.000
-6.000	28.000	20.000
26.000	62.000	-12.000
8.000	-66.000	58.000
-24.000	4.000	68.000
20.000	-26.000	46.000
52.000	44.000	-12.000
2.000	24.000	14.000
44.000	26.000	38.000

// nullstudy13
// Subjects=8
32.000	22.000	32.000
-40.000	10.000	46.000
14.000	-14.000	-12.000
40.000	-72.000	16.000
18.000	-4.000	20.000
26.000	0.000	36.000
12.000	16.000	20.000

// nullstudy14
// Subjects=8
38.000	-78.000	10.000
-42.000	-36.000	40.000
-2.000	30.000	-26.000
32.000	58.000	-4.000
-28.000	18.000	58.000
10.000	-88.000	-36.000
8.000	-22.000	50.000
-28.000	20.000	-18.000
46.000	-62.000	-22.000
-26.000	-38.000	62.000
-54.000	2.000	24.000
-4.000	34.000	20.000
2.000	48.000	-24.000
-42.000	-24.000	-20.000
-12.000	-14.000	-26.000
-46.000	6.000	24.000
68.000	-30.000	-4.000
-26.000	22.000	32.000
12.000	26.000	-18.000
10.000	-10.000	54.000
-40.000	-28.000	30.000
24.000	40.000	-4.000
20.000	-24.000	-6.000
-44.000	38.000	-18.000
-24.000	-44.000	2.000
-10.000	18.000	26.000
-38.000	26.000	-26.000
56.000	-6.000	2.000
-12.000	38.000	0.000

// nullstudy15
// Subjects=17
14.000	-64.000	-50.000
12.000	-10.000	16.000
-26.000	-76.000	-24.000

// nullstudy16
// Subjects=20
28.000	-54.000	-58.000
36.000	38.000	38.000
40.000	-14.000	34.000
0.000	10.000	40.000
6.000	-2.000	6.000
-40.000	-18.000	8.000
14.000	-30.000	66.000
66.000	-34.000	-8.000
28.000	-32.000	-18.000
20.000	34.000	30.000
-58.000	-44.000	-16.000
-36.000	34.000	12.000
-54.000	-22.000	44.000
24.000	20.000	24.000
36.000	-60.000	36.000
32.000	-2.000	-20.000
-48.000	0.000	20.000
-2.000	-88.000	30.000

// nullstudy17
// Subjects=23
-34.000	50.000	-6.000
-24.000	10.000	40.000
40.000	6.000	-4.000
-30.000	-6.000	-24.000
-16.000	2.000	12.000
-26.000	-48.000	58.000
-58.000	-50.000	-6.000
0.000	-6.000	-8.000
-32.000	30.000	18.000

// nullstudy18
// Subjects=15
56.000	-66.000	24.000
16.000	66.000	20.000

// nullstudy19
// Subjects=8
12.000	60.000	10.000
18.000	-52.000	-60.000
50.000	-64.000	-38.000
-22.000	32.000	10.000
-52.000	-12.000	22.000
-16.000	-58.000	-6.000
-36.000	36.000	38.000

// nullstudy20
// Subjects=23
10.000	-30.000	20.000
-30.000	36.000	-4.000
38.000	-58.000	30.000

// nullstudy21
// Subjects=17
30.000	-6.000	-8.000
-16.000	-20.000	28.000
10.000	52.000	10.000
-62.000	-56.000	14.000
-22.000	-32.000	38.000
-46.000	-46.000	-34.000
-24.000	-10.000	12.000
-50.000	6.000	4.000
-62.000	-2.000	16.000

// nullstudy22
// Subjects=20
-28.000	58.000	-8.000
-34.000	-26.000	44.000
54.000	-48.000	-34.000
-32.000	46.000	-18.000
38.000	-20.000	40.000
46.000	-78.000	-16.000
6.000	-76.000	-30.000

// nullstudy23
// Subjects=8
52.000	-16.000	42.000
16.000	16.000	66.000

// nullstudy24
// Subjects=20
6.000	30.000	40.000
-18.000	-36.000	4.000
6.000	-38.000	54.000
20.000	-42.000	48.000
20.000	18.000	6.000
54.000	-26.000	14.000

// nullstudy25
// Subjects=13
-30.000	-74.000	-44.000
20.000	38.000	54.000
26.000	40.000	12.000
-22.000	16.000	18.000
42.000	32.000	38.000
-2.000	44.000	-10.000
-16.000	18.000	40.000
-42.000	28.000	-4.000
-20.000	-56.000	62.000
-50.000	6.000	22.000
0.000	24.000	-26.000
-28.000	-10.000	18.000
-20.000	-44.000	52.000
-48.000	12.000	20.000
40.000	28.000	16.000
-6.000	46.000	14.000
-28.000	-64.000	30.000
16.000	-24.000	54.000

// nullstudy26
// Subjects=17
60.000	-50.000	28.000
-6.000	-18.000	58.000
28.000	8.000	-20.000

// nullstudy27
// Subjects=15
50.000	-52.000	-32.000
50.000	-30.000	14.000
-32.000	4.000	4.000
-2.000	-48.000	-54.000
-34.000	-94.000	4.000
48.000	-40.000	4.000
-2.000	42.000	-26.000
-46.000	-2.000	48.000
18.000	12.000	0.000

// nullstudy28
// Subjects=8
6.000	-66.000	64.000
0.000	-20.000	76.000
64.000	-46.000	40.000
-30.000	24.000	22.000
-38.000	20.000	2.000
-38.000	56.000	14.000
26.000	-96.000	-18.000

// nullstudy29
// Subjects=15
-52.000	-22.000	-24.000
26.000	-24.000	-4.000
10.000	-16.000	-40.000
-48.000	-2.000	-6.000
-10.000	-70.000	44.000
26.000	-60.000	-14.000
44.000	-80.000	-30.000
32.000	-56.000	22.000
-54.000	-12.000	0.000
36.000	-40.000	-10.000
-6.000	-76.000	8.000
-42.000	-40.000	-24.000
-16.000	10.000	-8.000
-62.000	-42.000	16.000
8.000	-12.000	-12.000
2.000	-62.000	44.000
-54.000	-36.000	44.000
10.000	6.000	-28.000
-14.000	52.000	10.000
54.000	8.000	-30.000
-36.000	-38.000	50.000
10.000	70.000	2.000
-36.000	50.000	2.000
32.000	-24.000	32.000
30.000	40.000	32.000
-40.000	-34.000	30.000
40.000	-4.000	18.000
42.000	-50.000	64.000
-28.000	48.000	0.000

// nullstudy30
// Subjects=15
-48.000	-8.000	-44.000
-50.000	-30.000	36.000
-26.000	48.000	40.000
-4.000	6.000	2.000
-18.000	-94.000	6.000
-10.000	-92.000	36.000
-20.000	-38.000	-34.000
-20.000	-38.000	-32.000
-28.000	-4.000	-38.000
-4.000	22.000	12.000
20.000	-44.000	-6.000

// nullstudy31
// Subjects=20
34.000	-76.000	-6.000
16.000	-78.000	22.000
-4.000	-78.000	26.000
40.000	-88.000	4.000
34.000	-28.000	38.000
-56.000	-12.000	-18.000
-34.000	4.000	60.000
12.000	-8.000	56.000
4.000	-32.000	34.000
-18.000	-2.000	-4.000
-18.000	-96.000	4.000
46.000	-28.000	-22.000
32.000	-88.000	-10.000
-64.000	-36.000	32.000
6.000	-20.000	30.000
-16.000	0.000	68.000
-46.000	-6.000	-40.000
6.000	10.000	18.000
18.000	-30.000	50.000
28.000	30.000	-16.000
16.000	-16.000	-10.000
44.000	-64.000	-14.000
56.000	-42.000	40.000
-16.000	-4.000	66.000
40.000	-84.000	30.000
-16.000	-20.000	68.000
50.000	-10.000	-42.000
-2.000	-8.000	34.000
10.000	26.000	-8.000

// nullstudy32
// Subjects=20
-8.000	6.000	-4.000
-36.000	42.000	30.000
0.000	-72.000	-38.000
-2.000	-100.000	16.000
10.000	30.000	-18.000
-12.000	-14.000	8.000
4.000	54.000	-8.000
40.000	-6.000	34.000
-54.000	10.000	30.000
-10.000	-56.000	76.000
14.000	-90.000	0.000
-48.000	6.000	2.000
-14.000	-84.000	14.000
38.000	-78.000	-40.000
-2.000	-74.000	48.000
-28.000	-24.000	-2.000
62.000	-36.000	-10.000
-34.000	-6.000	60.000
-2.000	-84.000	6.000
-22.000	-30.000	78.000
-54.000	6.000	10.000
-8.000	16.000	62.000
12.000	-68.000	54.000
12.000	-52.000	46.000
-50.000	8.000	30.000
46.000	8.000	24.000
-48.000	26.000	-8.000
20.000	-38.000	56.000
-46.000	6.000	-26.000

// nullstudy33
// Subjects=8
-6.000	-20.000	64.000
-34.000	-62.000	-6.000
4.000	4.000	50.000
-28.000	-44.000	58.000

// nullstudy34
// Subjects=13
58.000	-24.000	-12.000
36.000	-56.000	64.000
-28.000	38.000	2.000
-4.000	-16.000	26.000

// nullstudy35
// Subjects=15
-26.000	-54.000	24.000
6.000	-58.000	-36.000
-24.000	-82.000	24.000

// nullstudy36
// Subjects=13
52.000	-76.000	24.000
-28.000	6.000	12.000

// nullstudy37
// Subjects=20
10.000	-62.000	-44.000
-56.000	-56.000	16.000
14.000	-52.000	38.000
-22.000	-26.000	72.000
8.000	66.000	20.000
28.000	-16.000	16.000
52.000	-54.000	-16.000
-26.000	-70.000	6.000
-36.000	-38.000	62.000
-42.000	-70.000	42.000
-2.000	20.000	10.000

// nullstudy38
// Subjects=13
-52.000	-60.000	-38.000
22.000	-92.000	26.000
26.000	-44.000	2.000
-4.000	42.000	2.000
38.000	-6.000	-2.000
24.000	30.000	34.000
-48.000	42.000	-4.000
52.000	-12.000	44.000
-30.000	-92.000	16.000
-28.000	-2.000	24.000
-26.000	-22.000	36.000

// nullstudy39
// Subjects=13
14.000	-78.000	28.000
12.000	-22.000	8.000
60.000	6.000	-14.000

// nullstudy40
// Subjects=13
24.000	22.000	32.000
4.000	64.000	28.000
-14.000	24.000	38.000
-44.000	-10.000	6.000
-62.000	-16.000	-18.000
-60.000	-36.000	16.000
-24.000	-24.000	-10.000
42.000	20.000	-32.000
28.000	-64.000	-60.000
-12.000	-36.000	12.000
10.000	-72.000	28.000

// nullstudy41
// Subjects=8
-36.000	-20.000	56.000
-16.000	-82.000	2.000
-10.000	-28.000	58.000

// nullstudy42
// Subjects=15
6.000	-36.000	-12.000
-12.000	-70.000	66.000
38.000	-62.000	58.000
28.000	-30.000	46.000
12.000	24.000	30.000
24.000	-42.000	-38.000
26.000	16.000	10.000
-20.000	-86.000	-42.000
18.000	-34.000	-24.000

// nullstudy43
// Subjects=11
12.000	22.000	58.000
-2.000	14.000	42.000
2.000	18.000	66.000
28.000	8.000	38.000
-8.000	-18.000	-2.000
-32.000	30.000	-14.000
68.000	-50.000	10.000
-30.000	44.000	4.000
36.000	62.000	14.000
-12.000	-12.000	2.000
30.000	50.000	36.000
22.000	-44.000	-18.000
26.000	-62.000	-4.000
-58.000	-62.000	-16.000
50.000	-12.000	10.000
-6.000	-10.000	18.000
66.000	-30.000	-20.000
-44.000	-62.000	-54.000
-36.000	-34.000	6.000
-6.000	44.000	52.000
26.000	12.000	-6.000
-28.000	-12.000	40.000
-48.000	-2.000	16.000
8.000	-32.000	44.000
-40.000	24.000	-36.000
62.000	-16.000	16.000
22.000	-4.000	-32.000
-14.000	54.000	0.000
-60.000	-66.000	4.000

// nullstudy44
// Subjects=23
26.000	-76.000	-10.000
-46.000	-50.000	14.000
2.000	-20.000	16.000
-6.000	12.000	-10.000

// nullstudy45
// Subjects=13
24.000	-76.000	12.000
36.000	-12.000	18.000
-36.000	-50.000	0.000
