// Reference=MNI
// Furuichi, 2019
// Subjects=28
54.72	-39.83	44.37
34.08	22.72	48.61

// Pauly, 2013
// Subjects=26
49	-7	46
36	-20	43

// shad, 2012
// Subjects=32
9   -45	    0

// Lemogne, 2009
// Subjects=30
6	48	18
-3	33	36
9	24	39
-48	18	24
-18	48	18

// Bedford, 2012
// Subjects=19
6.56	40.64	2.83
14.97	-70.72	35.67
-14.68	-60.84	41.51
-7.05	23.05	48.68
34.26	44.63	9.09
-14.73	37.96	2.22
44.88	-32.13	24.51
-39.38	-28.4	27.95

// Liu, 2014
// Subjects=30
-30	9	3
42	0	-15
60	-39	3

// Vinogradov, 2008
// Subjects=16
-4	-14	62
-4	-11	50
0	-21	53
22	9	-9
14	-74	-5
-2	12	36
-16	8	-2
-14	-2	4

// Blackwood, 2004
// Subjects=16
10.06	-45.98	15.48

// Marchewka, 2019
// Subjects=30
59.46	-20.67	-3.55
59.68	-49.72	7.16

// Sarsam, 2013
// Subjects=27
-1	21	48

// Blair, 2008
// Subjects=34
-42.68	25.62	13.23
54.6	29.89	18.45
-20.23	41.25	20.59
-35.92	1.8	48.61
-45.7	-43.81	10.17
49.21	-21.18	-8.43
53.35	2.74	-16.06
-62.54	-56.66	38.2
-28.63	-58.31	0.04
31.21	-76.61	-8.04
-27.97	82.47	3.83
48.28	45.14	37.32
21.37	-21.94	-15.86
20.39	55.92	27.81
-26.53	41.27	35.15

// McAdams, 2016
// Subjects=41
16	56	16

// Lythe, 2022
// Subjects=106
6	22	-2
// nullstudy1
// Subjects=27
-16.000	-92.000	38.000

// nullstudy2
// Subjects=34
12.000	-46.000	-8.000

// nullstudy3
// Subjects=32
20.000	-82.000	44.000
-14.000	-58.000	-62.000
-20.000	2.000	68.000
-20.000	-66.000	-44.000
26.000	58.000	-6.000
-56.000	2.000	28.000
44.000	-40.000	-14.000
-38.000	54.000	6.000

// nullstudy4
// Subjects=106
12.000	-46.000	70.000

// nullstudy5
// Subjects=30
46.000	20.000	-12.000

// nullstudy6
// Subjects=41
-52.000	12.000	-12.000
64.000	-44.000	-4.000
16.000	-50.000	-30.000
32.000	-46.000	6.000
-28.000	14.000	-4.000
-62.000	-32.000	-8.000
20.000	-38.000	74.000
-22.000	-96.000	6.000

// nullstudy7
// Subjects=34
-8.000	34.000	32.000
-38.000	44.000	12.000

// nullstudy8
// Subjects=34
42.000	10.000	60.000
-16.000	-2.000	-44.000
-16.000	64.000	-8.000
-6.000	-68.000	-38.000
54.000	-70.000	-8.000

// nullstudy9
// Subjects=30
-4.000	-60.000	10.000
12.000	-12.000	0.000
2.000	48.000	-22.000
22.000	-8.000	16.000
14.000	-48.000	22.000
18.000	-48.000	-48.000
-14.000	-18.000	0.000
48.000	6.000	-18.000
-28.000	16.000	-6.000
60.000	-36.000	20.000
20.000	-58.000	28.000
-10.000	-42.000	42.000
-24.000	-56.000	-8.000
62.000	-32.000	10.000
30.000	-14.000	18.000

// nullstudy10
// Subjects=34
-24.000	-38.000	-22.000
-4.000	34.000	-4.000
-12.000	-76.000	-36.000
18.000	-50.000	-16.000
-40.000	-74.000	-14.000
-22.000	-80.000	28.000
24.000	-56.000	-16.000
20.000	-78.000	-46.000
-2.000	-62.000	66.000
64.000	-58.000	-4.000
-38.000	14.000	-26.000
38.000	-88.000	-2.000
-34.000	18.000	38.000
-8.000	-54.000	40.000
-20.000	-14.000	16.000

// nullstudy11
// Subjects=41
62.000	0.000	22.000
6.000	64.000	-14.000
-4.000	-58.000	54.000

// nullstudy12
// Subjects=30
28.000	-74.000	-34.000

// nullstudy13
// Subjects=30
30.000	-56.000	-2.000
-32.000	-62.000	-48.000
22.000	-30.000	16.000
24.000	34.000	44.000
0.000	-82.000	-34.000
-48.000	-44.000	40.000
-10.000	12.000	38.000
-10.000	-60.000	70.000
-26.000	-44.000	10.000
-42.000	-48.000	50.000
-46.000	-10.000	40.000
-50.000	-2.000	-12.000
-62.000	-18.000	-22.000
-32.000	-76.000	-32.000
14.000	-76.000	30.000

// nullstudy14
// Subjects=28
4.000	-58.000	28.000
50.000	-20.000	-32.000

// nullstudy15
// Subjects=34
-28.000	18.000	40.000

// nullstudy16
// Subjects=26
-12.000	-50.000	-44.000
-38.000	32.000	26.000
-46.000	8.000	2.000

// nullstudy17
// Subjects=16
2.000	-18.000	-36.000

// nullstudy18
// Subjects=30
0.000	2.000	4.000
38.000	-16.000	62.000

// nullstudy19
// Subjects=27
-52.000	-2.000	-12.000

// nullstudy20
// Subjects=30
-8.000	-44.000	52.000
-44.000	-38.000	54.000

// nullstudy21
// Subjects=26
8.000	-20.000	-2.000

// nullstudy22
// Subjects=28
0.000	10.000	54.000
-2.000	42.000	14.000

// nullstudy23
// Subjects=30
0.000	0.000	62.000
-48.000	40.000	6.000
0.000	-42.000	20.000
-30.000	-4.000	-38.000
30.000	-62.000	22.000
26.000	4.000	-38.000
-36.000	-30.000	2.000
-6.000	68.000	6.000

// nullstudy24
// Subjects=30
38.000	-12.000	-6.000
0.000	-18.000	-8.000
22.000	-60.000	-4.000
-6.000	-22.000	50.000
-38.000	-74.000	-20.000
-12.000	54.000	24.000
-34.000	-90.000	0.000
28.000	-6.000	-40.000

// nullstudy25
// Subjects=16
16.000	-52.000	4.000
-58.000	4.000	-8.000
18.000	42.000	52.000
18.000	-24.000	26.000
-16.000	-72.000	-56.000

// nullstudy26
// Subjects=26
22.000	-28.000	-18.000
-40.000	-12.000	-32.000
-30.000	-78.000	14.000
8.000	72.000	2.000
-24.000	-80.000	44.000
-4.000	-40.000	4.000
-62.000	2.000	-8.000
2.000	44.000	-24.000

// nullstudy27
// Subjects=16
-40.000	18.000	10.000

// nullstudy28
// Subjects=16
-52.000	12.000	28.000
-16.000	-32.000	8.000
30.000	-16.000	60.000
-22.000	58.000	4.000
32.000	40.000	34.000
22.000	-78.000	-16.000
36.000	-20.000	8.000
2.000	-28.000	22.000

// nullstudy29
// Subjects=30
30.000	0.000	44.000

// nullstudy30
// Subjects=34
2.000	-82.000	-6.000

// nullstudy31
// Subjects=28
26.000	-4.000	50.000
-22.000	6.000	16.000

// nullstudy32
// Subjects=32
-50.000	-64.000	-24.000
16.000	38.000	-16.000
-24.000	-78.000	44.000
-20.000	6.000	-46.000
16.000	-74.000	36.000
-10.000	2.000	2.000
-32.000	-32.000	-10.000
-12.000	12.000	54.000
-38.000	8.000	-20.000
66.000	-30.000	-8.000
4.000	56.000	-14.000
-40.000	-42.000	22.000
22.000	-74.000	4.000
28.000	52.000	-4.000
66.000	-2.000	-16.000

// nullstudy33
// Subjects=32
-42.000	-76.000	28.000
64.000	-14.000	-18.000
-30.000	2.000	6.000
48.000	-44.000	56.000
-28.000	-66.000	28.000
42.000	26.000	50.000
28.000	-42.000	-28.000
-32.000	24.000	-12.000

// nullstudy34
// Subjects=19
56.000	-32.000	0.000

// nullstudy35
// Subjects=19
26.000	-46.000	56.000
-2.000	-74.000	34.000

// nullstudy36
// Subjects=41
-52.000	-76.000	6.000

// nullstudy37
// Subjects=32
48.000	-48.000	-2.000
-4.000	-86.000	-4.000
48.000	12.000	36.000
-32.000	-74.000	6.000
-24.000	-66.000	-6.000
-24.000	40.000	42.000
36.000	14.000	46.000
-6.000	-22.000	-40.000

// nullstudy38
// Subjects=16
-6.000	-58.000	32.000
-10.000	-8.000	-22.000
-56.000	8.000	32.000
-20.000	-60.000	-60.000
-6.000	-28.000	70.000
0.000	48.000	22.000
8.000	62.000	28.000
56.000	-6.000	40.000
-8.000	18.000	-8.000
32.000	-10.000	68.000
-44.000	48.000	22.000
-34.000	-52.000	42.000
16.000	-100.000	14.000
24.000	-102.000	-6.000
-44.000	-76.000	24.000

// nullstudy39
// Subjects=26
-22.000	-88.000	28.000
8.000	24.000	48.000
56.000	14.000	-6.000

// nullstudy40
// Subjects=26
-8.000	-42.000	-6.000
52.000	-42.000	8.000
28.000	-52.000	-36.000

// nullstudy41
// Subjects=106
46.000	-76.000	24.000
-34.000	-52.000	-4.000
0.000	-66.000	46.000
24.000	-84.000	-32.000
-8.000	-56.000	32.000
-36.000	-56.000	32.000
-28.000	-64.000	24.000
16.000	-34.000	-2.000

// nullstudy42
// Subjects=106
46.000	16.000	28.000

// nullstudy43
// Subjects=16
-58.000	-18.000	-36.000
26.000	20.000	64.000

// nullstudy44
// Subjects=16
-14.000	-76.000	-28.000
-38.000	20.000	42.000

// nullstudy45
// Subjects=41
-58.000	-54.000	-2.000
28.000	-66.000	-22.000
-30.000	-4.000	58.000

// nullstudy46
// Subjects=26
50.000	6.000	54.000
50.000	-2.000	44.000

// nullstudy47
// Subjects=34
-2.000	-12.000	-28.000
-24.000	-46.000	58.000
20.000	-92.000	36.000
28.000	-16.000	-2.000
58.000	-58.000	-2.000

// nullstudy48
// Subjects=27
54.000	-32.000	40.000
-36.000	-44.000	60.000

// nullstudy49
// Subjects=34
60.000	-22.000	-4.000
-52.000	-2.000	8.000

// nullstudy50
// Subjects=32
-6.000	-44.000	-8.000

// nullstudy51
// Subjects=26
-58.000	-46.000	-20.000

// nullstudy52
// Subjects=30
34.000	18.000	16.000
-16.000	2.000	-20.000
4.000	-38.000	-14.000

// nullstudy53
// Subjects=30
-8.000	44.000	6.000
4.000	-14.000	-26.000

// nullstudy54
// Subjects=32
-2.000	-14.000	28.000
8.000	34.000	14.000
32.000	-54.000	-12.000
-40.000	50.000	-4.000
22.000	-42.000	30.000
18.000	-62.000	32.000
58.000	-28.000	-2.000
-22.000	-8.000	48.000

// nullstudy55
// Subjects=30
-22.000	-56.000	66.000

// nullstudy56
// Subjects=34
-18.000	-56.000	6.000
16.000	-82.000	-44.000

// nullstudy57
// Subjects=41
-58.000	-14.000	-12.000
-28.000	28.000	2.000

// nullstudy58
// Subjects=16
-22.000	-52.000	12.000
-8.000	30.000	20.000

// nullstudy59
// Subjects=34
16.000	-88.000	-26.000
34.000	-20.000	-6.000
24.000	50.000	40.000
30.000	26.000	52.000
-18.000	-42.000	12.000
48.000	28.000	38.000
-4.000	-38.000	22.000
-20.000	16.000	-24.000

// nullstudy60
// Subjects=26
-56.000	-60.000	-2.000

// nullstudy61
// Subjects=30
28.000	-2.000	-32.000
20.000	50.000	38.000
60.000	-42.000	-4.000
26.000	0.000	-30.000
-18.000	6.000	6.000
-60.000	-40.000	-8.000
-28.000	-50.000	-36.000
46.000	-6.000	-34.000
6.000	24.000	0.000
24.000	-18.000	16.000
-36.000	6.000	-48.000
16.000	-42.000	60.000
-32.000	-56.000	-34.000
-30.000	-18.000	66.000
-44.000	12.000	-6.000

// nullstudy62
// Subjects=41
22.000	-68.000	66.000
6.000	-12.000	-26.000
52.000	-52.000	52.000
-26.000	26.000	16.000
18.000	-24.000	36.000
-16.000	-14.000	30.000
-2.000	-28.000	-12.000
-18.000	-44.000	6.000

// nullstudy63
// Subjects=106
62.000	-44.000	10.000
50.000	-30.000	-26.000

// nullstudy64
// Subjects=32
4.000	20.000	-14.000

// nullstudy65
// Subjects=30
-22.000	-22.000	16.000
