// Reference=MNI
// Fuentes-Claramonte, 2020
// Subjects=27
-4	-52	30
-10	58	-6
-44	-60	22
54	12	-30
0	-20	36

// Furuichi, 2019
// Subjects=15
-18.05	-99.86	3.36
-44.06	17.62	21.31
-3.78	24.4	45.73
0.15	-17.92	6.15
-50.68	-35.95	-.17
-23.86	-22	-13.21
0.66	-9.72	47.91

// Makowski, 2016
// Subjects=15
-34	-92	8
-30	16	-22
-10	-8	-8
-12	-10	-14
-14	14	2
10	8	0	
36	20	-24
28	16	-22
24	34	-16	
44	-86	6
10	-48	40
-14	-46	42
-2	-42	38
34	-66	-12
26	-84	-2
40	-84	-14
-14	56	0
8	34	36
6	24	18
-42	-60	-8
-48	-60	-16
52	38	2
-14	-44	58
30	12	-18
34	18	-22
24	2	-12
10	34	38
22	20	50	
30	24	52
-24	-48	24
-30	-54	26
-14	-4	-14
20	-24	-16
32	-24	-20
-6	-54	14
-26	14	-22
-34	20	-18
-24	22	-10
42	-82	24
26	-72	42
32	20	-30
30	34	-14
30	22	-18
30	34	-14
-44	-60	-10
-48	-54	-22
-32	-88	4
-24	-92	-10
0	36	-4
8	46	18
6	36	40
2	4	30
0	-12	36

// Murphy,2010
// Subjects=10
0	-56	26
4	56	20
-18	60	10
54	-36	14

// Pauly, 2013
// Subjects=13
-3	59	20
-43	30	-17
40	20	-33
-3	-53	20
-50	-10	-20

// Pauly, 2013
// Subjects=13
46	20	-30
-3	20	-20
-20	-10	-33

// Zhang, 2015
// Subjects=21
-2	62	14	
-18	56	32	
-20	50	38	
-6	-56	32	
-2	-18	34	
12	-70	60	
-52	-64	38	
-46	-56	24	
-48	-60	32	
26	-82	-34	
42	-44	62
58	-26	52
38	-36	42

// Jimenez, 2018
// Subjects=16
-48	-74	-8
-4	8	58
24	6	4
52	8	30

// Jimenez, 2018
// Subjects=16
-46	-72	-6
46	10	26
-2	4	56
14	-14	12

// Vinogradov, 2008
// Subjects=8
-10	48	18
-4	57	19
-4	49	12
2	40	20
8	59	19
6	52	21
-8	-56	36

// Blackwood, 2004
// Subjects=8
-3.52	54.41	-12.15
46.06	27.4	-28.25
-40.43	26.68	-31.19
-.5	32.38	50.49
24.66	68.31	-2.8
-27.13	59.83	1.16
-63.43	-53.04	12.95
29.28	-97.95	-13.32

// Lombardo, 2010
// Subjects=33
-6	50	-6
-4	62	2
22	-82	-24

// Sarsam, 2013: self>queen
// Subjects=14
-5.35	37.22	8.48
23.78	-12.5	23.47
-5.98	-30.77	37.61
-15.8	3.38	25.94
54.66	-30.95	2.36
1.21	-6.26	9.83
8.71	-32.37	1.89
-43.76	-28.34	-10.11
-.5	-41.34	51.82
-21.11	37.75	44.31
-30.91	-52.12	-16.07
-39.42	-69.35	-17.87
7.44	-27.83	-21.89

// Blair, 2011
// Subjects=15
8.45	55.03	3.49
19.51	-81.63	-3.02
46.4	-53.26	31.09

// Bluhm, 2012
// Subjects=15
0	62	18
2	52	-12
8	-54	18

// Herold, 2017
// Subjects=14
-20	40	46
-8	44	6
-44	34	-14
-10	-52	28

// McAdams, 2016
// Subjects=19
32	-56	36
38	8	6